7391
158
691
650
529
695
427
344
489
472
637
869
785
1211
1211
698
491
304
1249
1263
672
1026
1095
1013
895
1016
934
1054
1092
883
924
927
1091
1024
1004
1085
1041
331
1184
1127
1449
1468
1168
1120
1166
1131
1447
1373
1321
1237
1195
1360
1134
1246
1164
1357
1459
1118
1223
1319
1198
1443
1335
1348
535
505
699
436
546
1000
1029
1422
1226
1207
1176
359
434
567
1102
877
1317
805
823
717
1480
772
851
791
719
858
777
750
722
729
1480
798
850
834
775
751
817
799
343
243
189
38
207
76
231
60
66
250
173
216
154
234
1094
1006
917
568
469
1010
987
1052
894
1096
1048
1045
1052
974
904
954
951
1012
849
916
1021
938
936
878
862
746
1410
1236
1074
1432
1132
1354
1455
1155
1092
1466
940
535
1248
893
746
711
963
881
163
176
227
114
158
225
126
259
152
185
212
205
165
181
87
84
217
34
175
1386
891
1332
1429
1328
1225
1180
1010
408
1135
64
1467
1177
1224
1407
1336
1208
1417
560
935
915
1100
1409
918
1019
1280
1198
1475
1257
1443
745
711
723
955
972
883
1075
1094
950
980
886
1056
995
1029
1059
1094
1010
954
1057
906
736
1329
1455
1144
1338
1053
977
955
1222
1351
1225
1155
952
993
918
1445
1463
1355
1196
1456
1355
1142
1457
1130
1469
1188
1407
1237
1255
1228
1249
1199
1420
1181
193
263
268
860
854
749
754
716
800
865
874
806
852
763
852
1269
1124
1401
1336
1329
1226
1395
36
612
289
347
634
528
418
1476
351
482
342
332
473
367
467
506
434
1231
1205
1420
1409
1228
1420
1467
1206
640
611
377
229
109
262
101
1406
1418
166
211
85
243
183
69
1164
1293
201
47
598
632
672
684
358
390
1180
174
160
56
259
182
125
47
111
142
190
72
97
202
55
183
238
50
220
112
112
107
148
240
65
193
49
156
144
67
160
222
157
188
198
211
198
104
121
151
144
156
170
41
217
68
82
56
99
175
36
94
116
60
1280
1226
1407
1203
492
1432
714
1141
1029
1019
879
321
350
1444
1033
576
1211
1125
1294
15
23
1477
1434
1340
1461
1079
730
498
1480
631
826
1164
1180
1477
1477
1477
28
1449
24
1351
1325
690
1334
1202
768
372
1186
1198
1431
1356
1047
441
24
343
5
586
618
1351
1135
598
617
1299
1138
1382
1417
390
652
1189
1127
1420
1261
1408
327
1219
916
481
1185
1187
23
3
1366
831
922
1467
1414
1400
606
1427
1437
990
1269
1480
753
1045
1241
1459
934
26
1160
221
1094
1005
603
483
413
372
76
1222
1148
1127
22
1426
1115
1265
1432
1409
784
841
844
765
743
102
661
506
404
471
519
430
46
188
47
38
67
137
33
353
486
427
690
396
486
715
890
1112
1431
1130
1457
1369
526
488
699
623
495
563
1026
950
1055
27
1373
1180
1463
1317
1128
1160
1418
1184
1379
1470
1418
1107
1198
1332
1226
1150
1134
1356
1342
1356
436
332
1124
269
640
1463
1219
1467
1354
1420
1338
1342
1263
657
434
435
595
1352
1144
1331
1135
237
1164
310
392
10
508
395
401
1158
1156
587
548
402
393
1359
1428
1255
1189
1147
1471
1116
1265
1325
563
518
1235
1419
1231
1106
1426
419
1233
1396
1247
1376
1351
1247
1466
300
1249
1354
1434
1216
1471
1158
1293
1350
1317
1335
1466
11
1201
1293
1459
1404
507
594
510
297
490
535
580
662
381
613
763
757
840
850
724
854
720
733
1074
395
352
504
1184
288
650
305
621
496
433
349
431
1435
386
635
1130
879
997
694
643
608
430
432
523
282
503
491
1409
1249
1179
337
483
1446
1354
1354
17
3
1182
1233
1418
1349
1158
1386
1243
1218
1229
1413
1358
1166
1454
1216
1244
1338
1313
1189
1415
1233
1391
1355
1352
1209
1110
1361
1465
1344
5
1359
1156
1202
1110
1161
484
496
450
1358
1310
1111
1204
1158
1045
1073
1066
1071
1217
1124
1128
1354
1123
1140
1191
1348
1245
1188
1180
1360
1384
1180
1407
1241
1469
1119
1263
1348
1338
1168
1162
1269
1106
1153
1210
1186
1328
272
1336
1457
1187
483
378
969
607
532
322
597
293
491
483
265
675
330
515
518
600
334
586
696
461
316
603
1216
1111
1031
891
1071
943
910
942
206
904
892
996
901
986
918
1100
1051
983
1045
986
916
949
1196
1075
1253
1353
1360
632
1191
1248
1451
1357
1180
1283
1188
495
603
1178
1336
1206
1177
1472
1104
1433
1203
1182
1151
1108
1170
1330
1224
916
42
152
107
67
254
65
818
298
272
569
541
423
664
1477
421
1121
1124
1132
875
1455
1404
1142
1208
1202
1196
1221
1127
1180
1146
1347
1223
1362
1214
1127
1245
1215
1430
1255
1325
1474
1351
338
623
533
466
447
94
186
261
152
154
132
1406
1038
930
1138
1233
1308
1150
1106
1200
1235
1128
1473
1287
1236
1448
1206
1224
1253
1412
1161
1453
1210
1241
1426
138
36
242
213
179
116
90
35
835
863
742
854
860
846
715
1328
1451
1110
1427
1206
429
1417
1221
1311
1361
1229
1334
1384
1427
1459
1353
1416
358
686
542
510
305
417
1132
1362
1427
1429
1425
822
163
176
968
1076
1001
1057
1253
1317
1466
1227
1430
1233
1436
1237
1321
814
732
973
1070
901
718
1284
524
297
339
1466
1435
1431
1232
444
299
1241
1249
1418
964
1177
605
407
418
585
433
609
291
398
1350
1475
99
1317
1320
1404
1435
546
296
394
1130
1428
748
826
849
1325
1334
1209
1280
1235
1130
1422
1295
1214
1350
1352
1431
1453
1142
1351
1223
1166
1330
1362
1229
1468
1390
977
1090
201
878
807
788
725
746
705
848
802
874
771
783
803
756
852
448
1211
1462
1185
300
686
495
1427
1198
608
1065
1051
1045
973
972
974
920
1073
1094
502
446
679
369
1110
1125
1216
1430
1105
1128
1221
460
364
388
543
328
894
1095
784
1160
1356
1200
1111
1329
1350
1054
1114
1417
1106
1215
648
484
1433
1172
1132
1127
629
1314
360
403
328
295
502
432
642
1410
1110
1186
1166
1287
1416
1446
1339
1196
1148
1237
1288
1176
1198
1223
1319
1179
1158
1217
1291
211
820
789
813
724
969
29
886
960
30
1096
431
603
414
615
185
44
129
98
474
697
401
434
537
455
1439
618
314
333
680
453
374
469
421
662
336
357
376
679
443
1156
1445
1432
1231
1435
1116
1132
1334
1222
1208
1325
1225
1201
949
1073
899
916
1026
938
981
1269
1199
1138
1160
1233
1415
1159
1436
1391
1422
1293
1374
1126
1303
1323
1135
1344
1123
1443
1270
1330
1311
1110
1407
1211
1453
1438
1357
1158
1458
1291
1378
1449
317
1263
1466
1444
1166
1426
80
243
231
159
54
62
114
76
203
90
53
87
78
251
86
195
249
100
237
226
191
126
169
251
1340
493
569
371
453
70
607
676
431
698
388
1237
292
508
392
279
316
1209
441
1414
1244
1171
1457
619
650
687
520
431
1408
1195
1150
683
637
522
610
508
277
433
556
594
549
669
307
684
491
270
364
494
389
319
578
315
365
643
509
560
994
1090
1168
1242
311
666
323
394
387
385
579
431
654
358
376
630
771
756
860
1380
1197
1138
1298
1118
1205
1438
1178
1152
1203
1264
1110
1108
1211
1431
5
1358
1340
1279
403
220
1336
1363
68
161
55
182
1049
1050
1047
890
927
1054
441
1138
238
244
104
118
112
239
173
150
194
111
174
199
32
185
86
118
223
128
71
240
47
231
207
31
192
175
662
376
642
504
1221
1186
1383
1290
1407
1196
1210
1306
1158
888
1156
575
458
605
816
842
728
716
742
821
739
855
423
1450
352
534
388
661
450
612
489
379
416
645
457
580
331
520
525
603
293
550
658
1222
1317
1426
1256
1461
226
125
1197
1454
995
123
574
1039
450
1078
1113
1436
1021
337
881
884
1035
1045
1064
1080
1028
905
588
310
466
472
1457
131
153
1170
1354
1257
137
1020
1100
954
299
463
474
1176
1226
1308
1342
1352
1265
1389
1474
1311
301
336
267
599
353
421
1188
1360
1245
1457
4
14
1414
1416
1211
1278
1160
1225
1172
1109
1160
1187
1449
1468
1253
1319
1355
1196
1445
1435
1124
1424
1196
1219
1399
1018
1093
1065
1081
764
1101
717
760
987
770
709
727
886
977
1075
1363
1360
1148
1150
1348
1187
1275
1186
1457
1436
1204
1159
1329
429
479
1436
535
1408
1389
1336
1457
21
1110
18
1452
1405
1104
1334
1214
1410
1225
1422
1446
1247
1406
1138
1217
1265
1255
1332
1253
1172
1293
1255
1308
1257
1297
1340
1429
1299
1167
1460
693
537
507
677
447
467
304
540
290
804
721
809
854
770
768
730
827
576
1131
302
1471
1287
354
585
656
470
454
1185
410
272
452
577
280
1400
1206
1469
439
664
1471
318
553
1268
1118
1425
1306
365
1077
614
811
760
772
831
814
803
756
822
799
818
807
737
804
806
1034
928
1028
1065
1080
1271
1226
1296
1348
1466
1399
992
1045
1079
1094
807
776
810
1239
1104
1357
936
1100
1009
896
1334
1188
1321
1115
1333
1322
1210
1360
1451
1126
1461
1124
25
1171
1138
1416
1188
1357
1214
1144
1263
1155
1299
1437
1473
1343
1321
1204
1112
1363
1180
1383
1452
1169
1453
1435
1276
411
454
1105
1352
1457
1216
1139
1177
1454
1206
1122
1278
1380
1248
1142
1344
1255
1104
1117
1144
1424
1361
3
16
1333
18
1170
1199
1325
1414
1286
1112
1162
1431
818
774
703
749
824
799
708
768
919
1477
314
1343
1407
1211
1104
1197
1204
1269
1143
1412
1237
1235
1206
1179
1274
1346
1377
1197
1188
1224
1038
1090
1338
1164
897
1323
1188
1410
1429
1447
1439
1450
1135
1126
1361
1202
1223
1227
1133
1424
732
767
716
755
734
785
765
731
868
722
485
658
504
406
368
547
299
446
861
762
1437
1185
1437
1147
1463
1429
1339
455
502
651
1179
1362
1416
1361
1045
1069
989
951
884
1000
978
1092
1003
962
931
1030
1084
1015
1032
964
900
897
888
281
1338
1230
1125
1363
1323
1376
1297
1124
1228
1450
1430
1343
1412
1430
1253
1160
1221
1181
1436
1436
1317
1356
1178
1110
1358
1206
696
988
976
1322
1431
411
1186
1421
321
333
697
855
732
855
813
829
755
749
798
809
738
805
705
772
865
734
703
791
731
816
824
573
380
860
164
197
216
136
181
119
177
256
1092
605
1068
901
1428
681
1025
1096
810
925
998
1093
907
955
1014
893
859
720
254
1467
1319
927
1453
945
1104
1178
1168
1259
1424
383
757
825
1103
140
149
34
109
103
75
135
123
54
140
40
180
1253
1166
1125
1369
1429
1429
579
892
1201
957
1197
1405
1106
1233
1388
1316
1425
1405
381
1176
1297
499
1325
1302
882
953
952
1045
911
1056
633
972
1000
939
1355
861
1445
1299
1156
1238
1379
1205
1443
745
803
836
1076
1033
962
909
1043
954
922
1138
1035
1000
1002
928
1002
1030
938
1184
1220
1473
1189
986
920
1044
932
1089
966
927
1189
1012
1220
1176
1102
1079
1196
1227
1253
1297
1362
1184
1172
1208
1420
1426
1146
1306
1292
1160
1223
1230
1443
1332
823
778
830
708
787
736
789
810
325
1189
1162
1297
1445
1166
1415
1253
1433
1459
1447
1263
1119
368
307
350
502
329
682
290
408
375
1396
1338
1371
1404
1209
425
79
97
91
39
1464
106
61
563
177
227
1363
103
122
121
148
691
638
353
51
64
93
160
222
166
192
53
130
223
253
32
32
75
106
167
101
224
254
118
219
197
258
143
97
240
233
196
91
197
262
128
101
198
235
137
165
101
86
128
219
259
157
223
114
168
61
239
85
233
178
148
139
234
70
142
79
39
256
130
246
334
1363
360
570
653
1406
1186
379
1126
345
455
1475
1203
457
6
735
1101
408
1142
1468
1428
605
828
978
27
550
605
1350
15
1007
808
876
1185
470
1226
1422
528
1108
1480
1267
1425
329
441
626
1153
783
642
29
811
292
458
578
1429
278
1351
727
1119
1367
767
1408
2
15
319
1218
497
1455
1413
1227
1426
1463
606
671
1210
1134
1255
1416
329
363
1199
1257
1413
593
21
939
1252
1177
1477
301
306
1427
692
1305
1480
105
245
1064
40
119
44
83
961
459
451
1461
1219
1207
113
1169
1205
1164
1411
1259
22
1329
1211
1215
1461
825
800
707
853
788
878
805
911
668
414
519
364
605
353
587
380
402
576
477
674
693
494
553
381
272
790
922
1468
1449
1130
344
382
988
1090
1019
29
30
1411
1323
471
267
808
1301
1182
1299
1193
1415
1407
1407
1366
1299
1425
1249
1353
1197
1230
1356
1133
1191
1122
1231
339
586
632
403
485
521
670
465
460
1228
564
1467
1359
1261
1233
1471
1428
1355
652
575
338
1237
401
274
275
1295
117
1454
392
582
281
278
617
1230
1293
1195
673
595
579
537
1237
1442
1168
1387
577
443
526
686
311
1352
1125
1166
1261
1186
1452
1108
1351
1414
1222
1257
1214
1358
1310
1465
531
1210
1122
1259
669
1197
1405
1473
1451
592
1249
1416
1191
1438
1434
1180
1204
1354
1112
1424
1423
1474
409
676
332
483
517
436
547
293
611
700
629
835
781
714
787
754
840
747
762
929
549
594
424
1460
1208
701
325
354
405
491
395
461
486
624
616
1178
1271
1147
1107
1052
1015
1354
1466
340
550
535
374
428
425
506
581
415
690
413
1469
1350
1410
1376
13
23
1465
1215
1265
1291
1189
1410
1409
1350
1356
1323
1332
1450
1325
1370
1254
1293
1407
1200
1218
1470
1436
1126
1296
1350
1443
1310
1351
752
447
1332
1412
348
982
1067
902
1193
1215
1149
1430
1418
1144
1459
1233
1411
1151
1218
1151
1180
1134
1140
1407
1422
1185
1219
1404
1179
1140
1357
1133
1473
1204
1435
1123
1265
1417
1348
1170
1256
1429
1363
1122
1124
1189
497
335
617
685
498
421
440
386
603
566
92
108
284
603
282
359
390
626
379
517
1146
1393
854
737
993
944
1027
925
887
1039
1090
928
1102
1057
1084
1009
787
1245
1381
1051
926
1036
924
1088
964
975
931
986
1122
1427
1328
1435
1376
1139
1185
1375
1471
500
1143
978
1025
988
1100
903
1352
1229
1287
1357
1183
1435
1129
1443
1107
1177
1330
1317
1456
496
1241
1129
1198
1361
1448
1148
1201
1438
1245
1153
180
37
50
126
202
217
839
745
593
581
427
482
298
668
456
1202
1359
1348
1167
921
1408
1412
1437
274
467
1199
1267
1272
1319
1264
1329
1291
1475
1469
1138
1227
1425
1459
1126
1295
1261
429
320
646
598
1257
1105
1337
170
93
595
1304
1102
988
1090
1096
979
951
1094
1138
1142
1362
1204
1166
1152
1413
1412
1142
1166
1112
1341
1374
1419
1257
1151
1135
1407
1356
1225
1228
1293
1470
1427
179
234
154
159
106
205
193
185
232
80
792
744
1412
1144
1413
1105
375
1276
1242
1332
1272
1160
1421
1245
1214
1295
1226
1475
1255
1436
1332
494
1200
1207
1358
1362
1133
1229
311
560
502
460
155
80
70
987
884
1032
1064
1008
918
956
1057
1090
1096
1055
1087
975
1025
1086
1063
1436
1246
1438
1446
863
726
859
1096
1001
1361
725
402
536
615
603
414
530
1273
1312
452
495
407
1187
1325
1172
1230
401
532
555
1297
1132
1444
1133
1461
1345
1045
937
898
1090
862
1406
1102
599
987
1055
933
873
751
739
847
1445
1328
1336
1132
1209
1420
1135
1351
1344
1411
1139
1299
1331
1208
1168
1451
1433
1116
1182
1261
1353
1463
1206
1470
1152
1233
1469
1360
1446
1312
1108
974
245
755
840
774
707
790
719
819
771
841
820
780
714
815
801
777
838
559
296
266
1112
1229
1404
700
881
1039
897
944
1037
904
553
162
1265
546
1340
1412
1112
1431
1297
1297
1125
275
574
664
280
1205
1152
1467
1426
1298
1189
1319
1340
1291
1330
578
1177
1331
1189
1332
1143
1369
556
1427
1330
528
415
1135
1182
1245
1190
1186
1368
1216
1228
1458
1216
6
1427
1475
1164
1255
1418
1354
1413
1471
1266
1428
1409
1318
1465
1176
1200
1464
122
1024
1044
952
316
300
64
538
520
540
442
532
1152
340
347
315
409
603
1432
1184
1207
636
1348
1321
1451
1239
1210
1180
1342
883
933
1071
524
279
1188
1233
1247
1389
1277
1465
1189
1418
1134
1297
1342
1413
1360
1249
1269
1188
1471
1434
1475
1204
1295
1455
290
283
477
459
632
1293
1123
1309
1208
169
218
104
253
251
51
105
191
42
187
179
184
83
153
255
242
232
189
249
170
260
208
157
43
99
40
1176
1432
1382
592
596
604
456
413
341
623
187
252
503
525
596
651
492
1456
445
449
681
1336
1283
1438
1422
1199
1269
355
339
404
365
502
482
1328
1180
527
603
599
390
416
327
300
291
278
464
656
539
532
448
445
371
540
417
610
1214
1093
1123
1436
481
479
447
327
661
477
409
674
777
824
834
1348
1468
1240
1445
1162
1208
1474
1469
1108
1267
1197
1108
1325
1325
1423
11
1195
1200
4
14
382
226
214
218
964
1018
906
997
370
688
284
646
613
657
677
292
1346
36
182
145
114
229
227
246
123
115
71
108
59
127
89
118
124
167
91
138
88
61
85
271
487
549
450
1358
1450
1226
888
1071
508
662
407
615
301
333
565
447
602
755
835
739
778
713
689
605
1340
1224
1109
1267
467
605
555
406
535
1216
1352
1387
342
673
560
499
317
424
1370
1430
1185
1198
1260
1199
1008
1179
1092
356
976
914
297
880
1187
891
1338
1239
1218
1144
1281
463
386
375
389
396
645
579
375
186
1346
1186
1026
951
918
1096
1070
920
1037
559
283
480
1452
1110
1361
1179
1295
1469
1176
1258
1235
1471
325
668
1471
1451
1459
1454
2
1439
1263
1350
1195
1145
1348
1197
1428
1221
1267
1362
1135
1269
1199
1411
1342
1432
1455
1449
1319
1228
1375
775
777
907
922
782
1358
1230
1372
1455
802
1455
1208
1134
1329
1128
1220
410
329
426
1241
1456
1395
12
1287
7
1
1201
4
8
1353
1268
1267
1455
1435
1338
1214
1352
1184
1207
1432
1145
1243
1344
1253
1450
1451
1391
1336
1203
1344
1356
1368
1332
1230
1223
1343
1106
584
369
343
1480
299
370
508
456
500
344
468
754
829
729
710
854
808
781
837
758
793
828
796
779
753
831
779
810
721
1405
559
688
640
1114
1138
1342
1117
289
320
537
348
489
1233
1104
1467
1346
1263
443
1321
1409
1467
498
404
1178
1412
1285
1407
302
645
522
615
1256
588
1329
1135
502
1418
397
1362
489
1217
1463
275
989
941
1092
922
935
906
288
845
718
872
875
761
828
740
722
869
675
945
1011
1053
1034
916
1092
1239
1287
1239
1281
881
926
920
1062
994
929
1010
905
857
784
1471
1087
934
1083
1086
1374
1216
1429
1474
1154
1249
1110
1117
1323
1432
1239
1443
1316
1185
1142
1344
1219
1448
1149
1235
22
1457
1328
1185
1225
1445
1439
1422
1195
1459
1134
1426
1130
1199
1172
1411
1328
1410
1107
1368
1243
426
457
435
683
1415
1286
1211
1322
1451
10
1123
1420
1109
1363
1438
1141
1225
1247
1438
1363
1156
1243
1188
13
21
1352
1208
1182
342
1432
796
846
854
851
876
635
1126
1406
1404
1416
1466
1197
1255
1125
1215
1370
1229
1126
1052
1035
1014
1112
1431
1209
267
1005
1178
94
1016
1447
1323
1224
1447
1323
1222
1211
1110
1447
1361
800
848
762
741
726
745
867
798
554
691
449
81
692
698
512
587
625
616
570
620
363
510
511
866
854
1234
1210
1153
1302
1207
349
571
920
1020
1034
1024
1090
1091
996
916
923
1092
1096
1045
1047
925
898
879
912
912
1058
1082
998
916
593
1332
1419
1457
1315
1259
1224
1382
1411
1287
1448
1340
1454
1334
1437
1206
1323
1336
1196
1182
936
485
453
282
660
999
760
1430
1430
1417
1186
1041
1075
733
772
854
863
856
849
834
753
722
815
802
1103
89
139
84
235
147
255
199
136
215
156
147
163
204
123
1059
990
992
1030
943
1100
929
949
1043
1087
1049
1091
940
813
809
932
923
713
261
1360
1113
994
1209
959
920
1090
1006
1154
1434
1450
1127
747
1053
785
704
707
131
90
215
100
60
176
178
159
260
73
130
203
125
72
144
151
228
81
183
33
119
138
55
162
141
223
35
1352
1241
1389
1342
1100
1162
978
976
1224
1409
1142
1221
1133
1173
1123
1284
1184
31
1261
1309
1411
1055
847
943
905
939
950
958
1451
1170
1372
1332
1258
1359
1227
715
821
804
817
753
843
863
944
958
919
1415
1084
1053
725
967
995
888
991
912
819
769
1385
1041
1418
968
889
1080
1045
947
989
1102
1095
963
1011
812
1272
1077
893
961
901
1070
963
1321
1263
1433
1135
1344
1179
1363
1217
1465
1438
1177
1345
1433
1168
1228
1231
1447
1437
1409
1245
1107
1420
1196
68
1449
1201
1145
1340
1205
1373
1199
658
355
504
507
288
1300
1198
1235
1112
1299
1162
1423
1399
1319
275
510
239
56
219
188
1447
1262
641
233
166
31
244
231
132
1263
65
235
215
218
425
433
1443
78
121
135
220
242
63
52
153
138
146
222
195
221
180
187
161
44
46
261
195
79
192
164
63
143
146
141
229
214
88
88
116
263
135
206
52
162
212
175
190
42
40
66
241
201
111
84
50
176
87
113
43
42
141
94
49
217
71
245
259
225
116
62
1124
1178
567
565
557
1427
719
1090
1015
321
1124
1027
534
1190
1405
717
1269
1461
25
387
1478
1477
1292
1415
1257
861
1412
1356
366
1057
804
1096
931
1400
1429
1325
1359
1127
605
822
1231
765
1372
1210
1190
1356
1142
351
16
304
1102
1355
1338
16
994
1477
8
1186
1267
1235
1134
1477
1328
1200
1298
1124
1410
30
14
319
1195
1267
1477
1200
16
1449
1164
1123
918
1407
1179
1463
1477
898
1358
12
554
1100
943
45
109
157
1078
1346
410
518
461
1128
451
1142
1380
1219
1220
1185
1378
1274
1234
1467
1468
1269
1190
1421
877
122
102
236
416
581
276
671
398
640
511
355
496
369
398
174
161
50
147
221
600
350
295
673
789
890
1102
1011
1078
1300
1460
1153
1113
1187
1451
1187
1374
1239
1226
537
659
572
639
543
525
583
374
601
694
537
900
28
1019
1013
1469
269
1424
1445
1132
1315
1240
1405
1166
1424
1132
1363
1340
1216
676
364
1132
1230
1333
1424
1418
1121
1259
1297
1126
1473
1299
1394
1338
1199
575
609
308
593
633
433
470
1360
439
1384
681
287
1437
1413
1474
328
271
492
1235
1122
1267
591
445
414
420
647
1294
1445
1362
1415
1172
1270
1281
1467
1384
1106
1449
1283
1230
425
1259
1325
1361
293
1263
1342
1346
1437
405
468
1406
1287
1321
1228
1358
1206
1295
1340
1133
1104
1411
1121
1466
1336
1104
1103
1324
1473
1406
1358
1346
1319
1426
545
439
537
670
618
530
378
581
428
352
465
548
264
268
655
771
812
874
826
710
829
731
728
743
770
798
844
757
782
764
1452
619
621
537
691
498
1127
598
441
585
644
644
605
406
556
668
652
702
1317
1202
1104
1158
1146
938
983
1046
1439
420
332
489
649
504
466
393
509
511
671
504
1356
672
678
922
1266
1112
1332
1156
1261
1329
11
11
1160
1359
1158
1146
1265
1360
1245
1184
1409
1313
1323
1355
1150
1170
1227
1269
1116
1473
1424
1471
1410
1475
1209
1142
1204
21
1187
1249
1401
1190
1235
1424
1321
1285
914
889
1177
1445
1426
1439
1291
1180
1257
1274
1465
1358
1287
1220
1217
1357
1416
1268
1224
1115
1433
1126
1148
1332
1447
1329
1108
1138
1145
1362
1408
1214
1244
1328
1252
1135
1415
542
528
1088
602
357
449
566
487
388
512
503
529
541
687
527
677
270
530
330
548
351
442
839
730
723
960
29
894
1043
1096
907
1069
27
28
1028
1090
998
997
897
773
1011
793
838
1235
1405
1100
1100
945
981
933
1361
1299
1295
1359
1170
340
941
1087
971
882
1317
1422
1190
1189
537
1415
1469
1366
1247
547
314
318
1219
1179
1210
1461
1190
992
142
230
836
750
770
824
535
573
504
372
478
458
1477
1359
851
1414
1205
1461
600
1237
384
641
1354
337
1237
1182
1126
1361
1302
1127
1253
1197
1227
1437
1182
1138
1231
1291
1282
1125
1304
1438
1428
294
630
1313
194
41
124
37
1002
1115
1221
1147
1128
1370
1214
1346
1219
1329
1413
1145
1190
1170
1221
1112
1158
1207
1292
1201
1446
255
196
189
179
200
163
211
35
866
822
845
758
1470
1114
1247
1233
1346
1453
1408
1127
1125
1150
1197
1378
699
696
1225
1176
1387
700
1445
1263
1352
1239
1314
444
482
1406
1428
274
412
113
155
918
963
921
918
995
889
913
1097
1103
1100
939
934
922
932
902
1429
1247
1108
1242
1153
940
935
816
1007
660
380
338
678
1226
1128
1412
363
1257
1199
1156
1124
925
1054
1261
580
544
1273
1007
145
791
408
279
303
556
1229
1156
749
862
853
784
873
1375
1296
1206
1113
1188
1353
1211
1185
1201
1405
1128
1432
1224
1247
1287
1179
1113
1202
1133
1140
1177
1172
1220
1361
1206
1386
1463
1190
1158
1146
1168
1223
1241
1055
713
873
757
728
814
801
737
768
843
825
797
481
501
1406
1198
1416
1429
1156
692
555
1100
1094
1097
915
917
941
1053
549
1411
1201
405
352
1463
1405
1305
1410
1463
1465
1360
1140
1206
669
1357
910
1092
854
1067
1417
1407
1209
1128
1437
1400
1265
535
342
331
1223
1309
1299
621
464
460
1115
1108
1178
1204
1201
673
535
468
294
1134
1293
1416
1307
1218
1253
1340
18
1140
1134
1168
1398
1305
1128
1115
1307
1413
1190
1123
1457
1353
1220
1234
1413
773
232
704
706
1009
953
1006
1069
983
893
541
473
516
148
256
238
41
263
252
445
396
622
373
667
1278
493
309
652
407
279
447
636
458
308
376
517
446
287
1338
1337
1311
1132
1203
1176
1390
1187
1103
699
981
701
1047
1090
957
970
634
1227
1217
1357
1359
1108
1218
1461
1431
1355
1193
1378
1240
1176
1470
1172
1255
1297
1422
1170
1311
1405
1241
1164
1215
1224
1106
1349
1241
1253
1261
1215
654
464
385
1282
1230
1432
1109
1380
1162
39
125
110
45
233
184
124
206
75
186
236
109
73
169
178
192
239
1134
1285
339
612
941
264
72
449
659
384
340
445
368
1425
1267
415
334
582
680
289
1231
277
558
411
601
1457
1218
1236
419
303
418
280
441
675
366
625
307
487
680
422
678
561
490
371
443
563
394
630
603
548
273
331
907
992
1420
1153
1291
1127
1414
544
613
647
391
686
490
663
535
415
656
867
830
857
844
868
1208
1106
1207
1372
1350
1317
1473
1288
1112
1425
1337
1414
1111
1471
1259
1182
1106
4
1439
1164
1358
18
1416
1434
1431
1357
503
695
981
262
68
232
1031
966
1077
1033
657
489
489
666
1102
1182
1418
200
89
156
190
46
49
37
228
230
213
249
254
113
184
243
65
263
224
222
115
119
75
972
271
309
486
580
385
315
584
1344
1334
1172
1073
1238
1127
1267
1434
570
813
872
717
774
706
487
621
404
381
1122
1361
1328
485
547
461
485
561
636
1263
521
601
444
592
570
535
698
1357
310
506
526
287
1328
1408
1302
1453
1138
1379
1195
1350
1163
1434
1461
9
1281
1466
1284
52
1142
1017
947
693
998
1036
1162
201
1092
1068
894
1185
1230
1198
719
635
505
433
378
1456
378
282
322
641
110
237
1458
1261
885
952
936
1044
1067
283
614
1158
1439
1187
1295
1370
1195
1422
1428
1428
1380
501
655
9
1201
1217
1362
1448
1367
1367
1173
1295
1249
1247
1325
1135
1261
1424
1430
1426
1209
1195
1185
942
990
786
741
782
935
1068
1096
708
1247
727
842
971
997
880
1134
1158
1461
1395
1409
1435
1228
1200
1223
1348
1217
431
635
1294
576
443
442
1455
1435
1454
1445
1200
1385
1173
1475
1241
1357
1436
1439
1237
1204
1223
1220
1354
1397
1217
1428
1457
1308
1168
1152
1340
1243
1465
1319
1287
1362
1453
1449
1330
1453
1414
1227
1207
1205
1303
1335
1465
1176
1165
1257
1410
1222
1355
354
389
537
605
677
369
488
308
338
423
480
366
516
746
873
703
811
778
819
791
876
797
751
787
744
710
865
836
723
836
878
779
1367
612
672
345
1152
1449
1300
1225
395
296
602
276
1433
1279
452
1129
1222
1455
1224
1247
1267
651
1313
380
373
645
605
379
1261
1233
1214
1170
298
1409
1218
1107
348
680
382
1229
1257
575
1227
1220
609
534
367
1417
1432
923
839
868
816
709
848
869
737
858
815
864
857
864
830
335
1100
1032
1017
1040
1103
1433
1435
1255
1123
915
1005
1092
977
1101
1102
970
808
838
709
738
1080
1031
914
1013
882
1020
917
1050
1029
971
1357
1306
1242
1354
1449
1216
1246
1380
1209
1434
1267
1413
1422
1229
1211
1404
1359
1210
1122
1122
1458
265
1467
1231
1438
1176
1329
478
622
420
1447
1453
1229
1205
1475
1156
1243
1204
1227
1155
1122
1424
1140
1217
1475
1207
1409
1181
1243
1
1184
1416
1398
2
24
1
1360
296
1134
1114
1222
1368
1305
1123
748
743
876
734
834
830
788
1378
675
1433
1378
1324
1200
1315
1422
1328
1443
1187
1195
1268
1277
1385
1342
1257
1133
1309
1394
1219
1356
1021
979
1090
1102
948
270
1132
1158
885
92
269
1439
1200
1323
1447
1221
1293
1128
1447
1210
1117
1215
1199
1469
545
1406
1429
1408
1453
821
854
732
704
716
773
815
712
1360
504
523
363
422
392
470
544
638
409
854
763
718
802
1185
1237
957
991
965
887
967
937
1072
1040
993
1002
1092
944
1042
1055
1049
1055
900
1186
1431
1259
1275
1162
1348
1257
1162
1239
1144
1144
1470
1417
1453
1317
1297
1427
1158
1138
1269
1469
1215
1446
1425
1443
1203
1122
1392
1315
1473
653
487
319
305
383
682
485
1048
1448
1420
1453
1434
1149
835
718
841
740
867
708
776
820
854
846
735
754
877
930
341
330
562
257
214
140
250
59
253
64
56
54
167
53
149
78
191
191
161
1097
898
1102
1077
1102
1012
937
980
1035
1094
910
999
1086
1040
760
924
855
1004
966
740
705
127
1219
1459
1353
1469
1094
1159
1112
1269
1208
1044
829
973
1239
730
739
872
142
197
91
244
129
115
73
235
200
194
182
1256
1134
412
471
1170
1274
1108
1193
306
1092
958
1228
1149
1417
1417
1275
1356
322
1401
895
1196
911
1135
1291
1132
1221
1259
818
1081
967
264
1102
909
1001
1265
967
1062
1042
1350
1189
1330
1170
1210
1266
1428
902
759
840
805
1007
1015
932
911
1058
1001
1085
880
1021
942
1005
956
912
887
950
1034
885
525
1363
961
969
1100
922
969
913
705
1084
1140
976
896
1110
1048
1008
1439
1189
1228
1328
1204
1430
1265
1176
1359
1200
1210
1203
1225
1410
1240
1404
1344
1317
1413
1265
1228
1468
1264
837
769
747
765
714
731
707
1185
1270
1215
1173
1323
1431
1381
1299
565
292
538
558
1259
1315
1418
13
1218
6
701
488
167
218
212
1399
1159
1197
326
240
69
228
74
103
85
177
212
1239
1170
79
543
509
430
372
689
1328
1430
139
34
39
108
168
246
136
225
154
158
53
226
236
127
103
149
228
92
98
237
153
141
63
184
106
159
67
83
145
90
111
186
160
168
128
181
117
107
137
238
208
230
54
241
105
241
169
203
34
140
93
152
170
145
139
253
37
84
173
87
183
257
1352
302
463
1342
622
861
1372
1467
1330
887
287
538
1320
1404
1211
639
1228
607
1292
311
823
591
1290
320
1092
631
357
493
1293
1128
1329
1477
449
624
1424
1295
320
1130
510
1103
1223
7
6
1351
15
1330
1319
1477
501
980
314
26
937
491
1368
1222
449
629
12
1141
1127
442
1344
655
1211
1190
1247
305
1233
1230
473
1096
1418
687
842
1166
1330
1334
812
1162
585
1338
10
1216
1184
17
1353
1202
530
1115
1478
1273
1152
258
229
46
180
44
256
991
432
653
478
529
1408
1105
1438
667
1332
262
49
1358
1325
1334
1291
1449
1142
1415
724
789
773
744
736
847
744
845
62
204
99
82
83
597
564
605
441
603
445
393
445
651
471
697
334
81
697
454
546
619
545
356
359
1070
588
535
782
704
850
920
811
926
900
1195
1370
1115
648
424
527
487
603
429
335
422
267
265
1166
1465
1219
1428
1336
1164
1439
631
565
1249
1171
1450
1166
1354
1278
1410
1187
1418
462
350
690
603
633
500
654
1188
374
1106
1415
358
613
1158
1178
309
1352
1317
356
684
694
1397
1170
1294
1186
1291
1223
1413
1433
1205
661
1415
422
405
289
416
1236
1132
1172
1424
1433
1217
1110
326
574
273
1127
1471
1144
451
1214
377
1414
1167
1115
1225
1198
1190
622
558
1177
1415
1126
1126
1203
1439
1362
1337
1363
1148
1413
1145
522
420
397
502
291
491
264
345
663
733
875
780
1045
1067
582
512
1477
1459
1376
606
524
654
647
433
537
447
702
1224
1455
1222
1208
1024
1074
853
792
1093
1398
602
284
489
423
557
508
535
468
485
444
687
586
439
402
1353
636
1226
1172
1414
1467
1463
1265
1188
26
1
1160
1322
1109
1128
1459
1319
1353
1339
1218
1267
1207
1184
1205
1422
1108
1170
1148
1221
1414
1263
1405
1313
1218
1229
1473
1406
1455
1220
1287
1233
1145
1147
1249
377
304
1471
1166
1228
1245
1283
1261
1215
1338
1168
1346
1224
1447
1346
1437
1280
1168
1390
1419
1135
1335
1348
1295
1221
1437
1334
1113
1474
1197
1282
1348
1164
1469
1279
1313
1466
1444
1179
427
1410
1105
1466
550
303
647
355
302
537
367
473
524
510
531
584
283
343
276
28
1050
921
1020
1003
1092
1097
1096
1085
790
892
1081
710
858
962
993
904
1016
930
1329
1204
1238
1253
1180
500
1048
1062
1134
1133
1149
1243
1239
508
1108
1323
1124
1276
1416
1203
1200
1416
1287
667
1230
1420
1219
1351
1243
1219
1241
198
213
178
132
207
748
825
801
298
542
592
604
554
1449
1339
1130
1412
1239
1346
1358
1128
1353
1201
1291
1296
1361
1112
1125
1301
1176
1463
1297
1131
1372
1262
1111
1338
1255
1108
1473
1321
1426
1133
1046
535
506
591
1447
1406
1323
1107
220
82
30
257
202
74
144
515
1243
1063
1049
1206
1166
1247
1140
1162
1269
1431
1434
1378
1241
1220
1385
1353
1257
1271
1463
1432
1215
1132
1109
1133
483
1221
1414
1237
1406
1438
1445
1123
70
204
77
205
213
151
143
120
827
792
1215
1401
537
683
700
506
682
385
1138
1380
1355
1311
1408
1243
1321
1205
1276
1317
1226
1140
648
540
573
1425
1345
1439
1198
1259
280
462
165
120
203
965
1041
965
960
982
1039
1321
1196
1113
1318
1392
796
786
779
1094
1072
1066
837
736
895
1320
653
638
537
484
1184
1374
1222
1434
1208
433
1434
1259
1476
529
308
446
562
315
507
1417
1404
1124
1062
1255
1253
1347
1290
1207
1103
1164
1031
882
725
856
711
831
1210
1293
1351
1196
1357
1123
1411
1426
1197
1319
1282
1287
1263
1203
1342
1147
1443
1144
1461
1293
1145
1199
1357
1104
1149
1245
1225
1334
1291
386
1094
1094
1045
1038
127
767
741
750
747
848
843
846
857
713
786
877
796
837
382
1360
701
1459
1064
953
910
1030
1050
1102
1056
989
536
474
412
522
360
396
535
663
295
1329
1313
1168
1221
1190
1186
649
348
555
867
769
738
1018
1466
1352
1429
1439
1321
440
326
341
1462
1226
1202
1463
688
1187
1115
516
659
371
428
567
539
1358
1115
1122
1203
1216
1410
10
1201
1321
1431
1244
1189
1177
1133
1195
1307
1231
1348
1254
1115
1179
1203
131
743
763
1042
573
537
544
657
360
643
41
252
261
102
373
389
664
333
367
536
485
608
1171
1202
1115
644
646
383
637
271
432
527
346
199
230
490
463
684
603
1017
1344
1374
1125
1430
1126
1164
1182
1219
1473
1235
1195
268
991
1008
1027
1045
1018
1045
679
1319
1414
1380
1230
1130
1190
1184
1189
1202
1200
1140
1317
1127
1144
1368
1340
1299
1328
1259
1130
1435
1269
1209
1433
1181
1168
1112
1172
607
1423
1234
1140
1178
1361
1182
1144
1354
1470
1420
1332
48
88
48
242
1475
72
194
202
48
117
110
66
162
132
78
136
258
1405
537
327
366
644
572
646
480
966
638
656
558
480
643
387
609
443
484
512
623
1444
325
600
688
557
554
459
659
639
649
1321
1391
1438
1235
1350
466
499
368
492
397
633
323
443
624
322
336
587
436
599
488
685
562
349
574
291
629
501
913
1066
1311
1162
1231
1151
483
526
472
533
464
321
515
572
351
634
793
712
872
1135
1409
1227
1220
1352
1359
1128
1443
1177
1222
1388
1456
1293
1443
1299
1259
1235
1330
1229
518
43
51
216
215
155
506
273
604
624
595
519
1473
1459
1340
1425
150
227
59
62
104
86
205
107
252
100
129
208
51
115
250
38
126
245
131
146
219
35
214
77
326
1330
542
398
506
1429
1177
1057
973
1466
583
265
793
756
727
735
761
852
856
821
669
318
1319
1245
1180
1445
493
318
453
346
449
418
1342
1177
605
620
566
510
639
431
295
568
1455
335
619
412
1252
1225
1207
1230
1160
76
98
100
63
1235
1404
1290
1168
1350
1133
933
733
258
1404
1091
620
776
1038
956
1108
843
920
903
1411
1096
1432
1012
1053
1058
1435
469
569
648
685
608
696
594
424
561
1248
1057
931
983
923
277
674
440
539
1218
1319
1475
1426
1106
1455
1471
1475
1177
1409
1184
7
1291
5
1178
1207
1205
1241
1229
1243
1239
1456
1118
1255
1140
1363
1209
1211
1344
1123
1198
1254
769
809
712
854
759
858
1059
1096
1063
724
827
1408
1340
1072
957
960
1016
1092
1363
1231
1291
1409
1411
1172
1190
1105
1126
1122
1437
1115
1160
630
1345
1353
1405
1334
1144
1124
1214
22
1125
1188
1215
1122
569
1383
1201
1406
1104
1247
1452
1164
1336
1447
1417
1156
1420
1437
1231
1451
1299
1388
1297
1467
1225
1382
1237
1301
1461
1130
456
655
417
605
614
337
572
641
515
603
823
752
767
850
854
790
869
854
780
788
729
723
865
679
1453
1246
1453
1190
508
1230
1355
431
384
294
1201
1168
1187
605
1222
297
336
1156
1355
1355
1416
692
278
606
426
1434
345
1428
1430
1223
477
534
1148
1264
1269
567
1351
1417
557
448
1051
1094
1094
929
634
817
844
706
801
750
776
866
620
517
539
487
886
1094
1100
1004
890
1144
1225
1434
1356
1394
1372
1346
1239
1303
905
965
1053
891
919
1014
917
996
884
1090
982
1065
979
1480
741
720
1076
958
1057
1059
956
1017
1003
895
1249
1297
1214
1107
1115
1179
1207
1285
1226
1446
1227
1417
1433
2
1404
1267
25
1351
1293
1265
1374
1202
1286
1334
1243
1104
1330
1356
1427
1259
1469
625
597
1115
1112
1353
1164
1359
1444
1130
1430
1266
1206
1146
1355
1105
1263
1347
1223
1418
1415
1412
1249
1407
1474
1111
1196
1291
1245
13
17
12
24
8
1461
8
1362
1106
1465
1172
1216
1330
1123
1129
1150
1425
1420
1388
1414
1448
799
751
1217
1196
1204
1431
1338
1336
1186
1218
1162
1122
1222
1437
1311
1133
1235
1113
1336
1381
1362
1295
1452
1265
979
1125
1227
1370
1350
1459
1344
1373
1465
1404
1140
1299
1273
1323
1133
650
1392
715
758
806
792
761
774
1414
71
117
1425
945
