id_prod count pourcentage
5262 1800 8.297
5653 1787 8.237
2450 1728 7.965
3755 1716 7.91
5647 1647 7.592
5384 1600 7.375
7007 1541 7.103
7011 1496 6.896
1080 1489 6.863
5762 1473 6.79
6011 1465 6.753
4129 1460 6.73
6622 1391 6.412
5135 1365 6.292
326 1276 5.882
6034 1252 5.771
6159 1251 5.766
3844 1241 5.72
6387 1239 5.711
5238 1236 5.697
5237 1214 5.596
1560 1208 5.568
3869 1190 5.485
5860 1156 5.328
7041 1140 5.255
3845 1129 5.204
4491 1126 5.19
3388 1122 5.172
5746 1111 5.121
5743 1106 5.098
5685 1106 5.098
3190 1079 4.973
1951 1078 4.969
4771 1075 4.955
2039 1073 4.946
3030 1058 4.877
5253 1048 4.831
6522 1047 4.826
3799 1046 4.821
3031 1040 4.794
2968 1037 4.78
3278 1027 4.734
4370 1002 4.619
2046 1001 4.614
2879 987 4.549
3871 987 4.549
2865 982 4.526
2981 977 4.503
497 973 4.485
2375 955 4.402
1984 931 4.291
4742 920 4.241
2311 914 4.213
6580 906 4.176
5134 904 4.167
1484 899 4.144
3192 895 4.125
3634 893 4.116
1295 890 4.102
6912 882 4.065
1497 874 4.029
4790 873 4.024
2032 858 3.955
170 858 3.955
6232 849 3.913
1186 848 3.909
216 847 3.904
1198 846 3.9
3046 838 3.863
628 832 3.835
3798 830 3.826
235 826 3.807
5282 820 3.78
3963 819 3.775
4737 811 3.738
4380 802 3.697
3753 800 3.687
4949 799 3.683
5785 796 3.669
1133 791 3.646
277 785 3.618
5759 781 3.6
222 780 3.595
5640 761 3.508
503 759 3.499
2458 754 3.475
5729 753 3.471
3751 749 3.452
3793 749 3.452
4363 745 3.434
5559 744 3.429
7101 740 3.411
5126 736 3.392
3829 735 3.388
5354 734 3.383
1702 732 3.374
2050 730 3.365
1478 728 3.356
3855 726 3.346
2528 726 3.346
1598 725 3.342
131 722 3.328
1986 722 3.328
869 720 3.319
3574 714 3.291
6654 713 3.286
1983 709 3.268
1406 709 3.268
5719 707 3.259
223 706 3.254
989 704 3.245
2823 702 3.236
6922 701 3.231
1590 700 3.227
495 699 3.222
2687 699 3.222
6525 697 3.213
6538 696 3.208
215 690 3.18
5748 689 3.176
4526 689 3.176
3014 686 3.162
5726 683 3.148
635 681 3.139
5451 678 3.125
6524 676 3.116
3867 674 3.107
3401 671 3.093
5281 670 3.088
6655 668 3.079
3546 667 3.074
5747 666 3.07
1221 661 3.047
6202 661 3.047
3749 660 3.042
5736 660 3.042
3283 659 3.038
197 659 3.038
186 659 3.038
1085 658 3.033
595 655 3.019
3350 655 3.019
1185 654 3.015
1136 650 2.996
4876 648 2.987
2838 646 2.978
2972 646 2.978
4870 645 2.973
5731 644 2.968
2028 643 2.964
3831 638 2.941
557 638 2.941
1826 634 2.922
1036 634 2.922
4685 630 2.904
7295 630 2.904
2058 628 2.895
4255 628 2.895
57 626 2.885
132 622 2.867
3964 621 2.862
1003 620 2.858
1958 619 2.853
2821 619 2.853
6761 618 2.849
1896 617 2.844
7389 616 2.839
6035 612 2.821
3892 608 2.802
7323 608 2.802
6505 608 2.802
2045 606 2.793
1225 606 2.793
5136 600 2.766
3962 599 2.761
4185 597 2.752
3393 597 2.752
3781 597 2.752
4371 594 2.738
6148 593 2.733
1605 589 2.715
2812 588 2.71
5730 586 2.701
5416 585 2.696
1206 584 2.692
6128 583 2.687
5045 583 2.687
6550 582 2.683
5499 580 2.673
3565 580 2.673
4646 579 2.669
7003 579 2.669
2970 578 2.664
4702 577 2.66
2196 575 2.65
3215 574 2.646
4334 573 2.641
4663 573 2.641
7302 573 2.641
1042 572 2.637
6240 571 2.632
1950 567 2.614
239 563 2.595
4793 563 2.595
6296 562 2.59
5621 561 2.586
3312 560 2.581
5784 555 2.558
340 555 2.558
1525 554 2.554
4649 553 2.549
6115 553 2.549
4681 553 2.549
2864 551 2.54
5758 551 2.54
2738 550 2.535
2373 547 2.521
7312 545 2.512
872 545 2.512
3842 544 2.507
5599 543 2.503
5248 542 2.498
3720 541 2.494
3199 540 2.489
135 539 2.484
2153 539 2.484
2570 537 2.475
2535 537 2.475
6687 535 2.466
1994 534 2.461
4644 534 2.461
5656 534 2.461
5735 534 2.461
2304 532 2.452
1498 529 2.438
2837 528 2.434
4782 527 2.429
1955 526 2.425
7013 525 2.42
3838 524 2.415
6535 524 2.415
209 522 2.406
3747 522 2.406
207 521 2.401
3050 521 2.401
1183 521 2.401
3117 519 2.392
71 519 2.392
1481 519 2.392
4128 519 2.392
6836 517 2.383
1559 516 2.378
6551 514 2.369
6236 512 2.36
3702 512 2.36
6153 512 2.36
3200 509 2.346
3122 506 2.332
177 504 2.323
4267 503 2.319
720 503 2.319
1485 502 2.314
1981 502 2.314
2041 501 2.309
5359 501 2.309
1192 499 2.3
5032 499 2.3
2457 498 2.295
3633 498 2.295
6297 497 2.291
1703 496 2.286
748 496 2.286
4401 495 2.282
2007 494 2.277
975 494 2.277
7316 493 2.272
2365 493 2.272
1925 492 2.268
5443 491 2.263
5684 491 2.263
509 490 2.259
1184 489 2.254
3119 489 2.254
385 489 2.254
1092 486 2.24
4564 486 2.24
2835 484 2.231
6108 484 2.231
4365 484 2.231
4298 484 2.231
4854 482 2.222
4399 481 2.217
7314 481 2.217
4528 481 2.217
5760 481 2.217
3032 480 2.212
2066 480 2.212
6022 480 2.212
3748 479 2.208
7017 478 2.203
6735 478 2.203
3759 478 2.203
2315 476 2.194
7317 476 2.194
4788 476 2.194
7379 475 2.189
7112 475 2.189
496 475 2.189
1031 474 2.185
1980 474 2.185
3509 473 2.18
2070 473 2.18
169 473 2.18
5038 471 2.171
5477 469 2.162
5198 468 2.157
4874 467 2.153
4218 467 2.153
3286 466 2.148
4756 465 2.143
5745 464 2.139
2059 463 2.134
3338 462 2.13
6923 462 2.13
2323 461 2.125
4668 460 2.12
5131 460 2.12
6936 460 2.12
2641 459 2.116
3120 459 2.116
7299 458 2.111
2563 457 2.106
5081 457 2.106
1383 457 2.106
5445 457 2.106
2036 456 2.102
6247 454 2.093
3282 454 2.093
2478 453 2.088
4120 452 2.083
119 452 2.083
1161 451 2.079
3229 451 2.079
6223 451 2.079
241 450 2.074
2119 449 2.07
2640 448 2.065
6768 447 2.06
6125 447 2.06
1479 446 2.056
6344 446 2.056
4487 445 2.051
78 445 2.051
2151 445 2.051
6824 444 2.047
6158 442 2.037
6583 442 2.037
7019 442 2.037
5139 441 2.033
4693 441 2.033
7207 440 2.028
4243 438 2.019
3124 438 2.019
5775 437 2.014
1715 437 2.014
6765 437 2.014
6160 437 2.014
6374 437 2.014
1771 437 2.014
4241 436 2.01
4219 436 2.01
3300 436 2.01
168 436 2.01
3890 436 2.01
2639 436 2.01
607 434 2.0
6278 434 2.0
2521 434 2.0
7214 434 2.0
948 433 1.996
4124 432 1.991
6126 431 1.987
1029 431 1.987
6373 431 1.987
4117 430 1.982
7012 428 1.973
125 428 1.973
4416 428 1.973
6292 427 1.968
6918 427 1.968
6277 426 1.964
5459 425 1.959
2847 423 1.95
1744 421 1.941
81 420 1.936
1189 420 1.936
4957 419 1.931
3189 419 1.931
6572 418 1.927
981 418 1.927
2033 417 1.922
555 417 1.922
1962 417 1.922
121 416 1.917
1432 415 1.913
4734 415 1.913
609 415 1.913
2195 414 1.908
991 414 1.908
5904 413 1.904
5133 412 1.899
7306 412 1.899
3847 411 1.894
7006 411 1.894
904 411 1.894
2623 411 1.894
499 410 1.89
606 410 1.89
3723 408 1.881
970 407 1.876
7383 407 1.876
711 407 1.876
1404 406 1.871
1609 406 1.871
634 405 1.867
6821 405 1.867
6911 405 1.867
3583 405 1.867
1922 405 1.867
5040 404 1.862
1471 402 1.853
1759 402 1.853
6712 402 1.853
7043 401 1.848
3383 400 1.844
3691 400 1.844
7256 400 1.844
220 400 1.844
2155 400 1.844
1973 399 1.839
1296 399 1.839
622 399 1.839
3243 398 1.835
6138 397 1.83
1087 397 1.83
712 396 1.825
507 396 1.825
2500 395 1.821
912 395 1.821
7126 395 1.821
4366 395 1.821
2503 394 1.816
1177 393 1.811
134 393 1.811
130 392 1.807
3850 392 1.807
7277 391 1.802
6721 391 1.802
5372 391 1.802
5194 391 1.802
240 389 1.793
3416 389 1.793
5753 389 1.793
5686 389 1.793
5674 388 1.788
2828 388 1.788
3814 388 1.788
6710 387 1.784
2095 387 1.784
196 386 1.779
6483 385 1.775
234 385 1.775
7257 385 1.775
1821 384 1.77
5437 383 1.765
7335 383 1.765
7051 383 1.765
2034 383 1.765
5720 382 1.761
5600 381 1.756
2560 381 1.756
1138 381 1.756
1716 381 1.756
1218 381 1.756
2564 380 1.752
4245 380 1.752
5776 379 1.747
6526 379 1.747
6282 378 1.742
7273 378 1.742
3038 378 1.742
3326 378 1.742
520 378 1.742
2367 377 1.738
698 377 1.738
2573 376 1.733
3887 375 1.729
3843 375 1.729
6031 375 1.729
2811 375 1.729
3766 373 1.719
6440 373 1.719
719 371 1.71
1612 371 1.71
1262 371 1.71
501 370 1.705
2433 370 1.705
4151 370 1.705
1888 369 1.701
3876 369 1.701
1660 369 1.701
386 369 1.701
5266 368 1.696
6350 367 1.692
6504 367 1.692
2589 365 1.682
5137 365 1.682
3680 365 1.682
3835 365 1.682
1891 364 1.678
3846 364 1.678
4871 363 1.673
128 363 1.673
973 363 1.673
5777 362 1.669
4691 362 1.669
6017 361 1.664
3800 361 1.664
4275 360 1.659
2038 359 1.655
3374 359 1.655
5699 358 1.65
1154 358 1.65
2681 358 1.65
1521 358 1.65
3774 358 1.65
4523 357 1.646
6210 357 1.646
1588 357 1.646
6931 357 1.646
1819 356 1.641
1541 355 1.636
5706 355 1.636
1297 354 1.632
5786 354 1.632
206 354 1.632
851 354 1.632
6871 353 1.627
7301 353 1.627
122 352 1.622
4713 352 1.622
7236 352 1.622
3818 352 1.622
3250 351 1.618
5444 351 1.618
1586 351 1.618
7015 350 1.613
4679 349 1.609
7327 349 1.609
3900 349 1.609
3172 349 1.609
5754 348 1.604
1589 348 1.604
1199 348 1.604
3711 348 1.604
6251 348 1.604
6689 348 1.604
5764 348 1.604
1894 347 1.599
1683 347 1.599
3141 347 1.599
1904 347 1.599
3958 347 1.599
3080 347 1.599
6118 346 1.595
7147 345 1.59
3823 345 1.59
737 344 1.586
253 344 1.586
5547 344 1.586
5246 343 1.581
3725 343 1.581
1954 343 1.581
1238 342 1.576
1874 341 1.572
5787 341 1.572
539 341 1.572
500 341 1.572
3776 340 1.567
2055 340 1.567
920 340 1.567
4342 339 1.563
5649 339 1.563
5130 339 1.563
3398 339 1.563
3807 338 1.558
3873 338 1.558
236 338 1.558
3392 338 1.558
840 338 1.558
823 338 1.558
6351 337 1.553
1957 337 1.553
1706 337 1.553
4732 337 1.553
5604 336 1.549
1182 336 1.549
4810 336 1.549
5047 336 1.549
1057 335 1.544
3081 335 1.544
7329 334 1.54
6870 334 1.54
2015 333 1.535
3251 333 1.535
2785 333 1.535
4270 333 1.535
2040 333 1.535
5162 332 1.53
7008 332 1.53
5478 332 1.53
3313 332 1.53
4986 332 1.53
1774 332 1.53
1396 332 1.53
6447 331 1.526
4490 331 1.526
5250 331 1.526
3836 331 1.526
5232 330 1.521
3874 330 1.521
5251 330 1.521
5528 329 1.516
1897 329 1.516
6015 329 1.516
1693 328 1.512
815 328 1.512
6162 328 1.512
4482 328 1.512
7246 327 1.507
4848 327 1.507
6570 327 1.507
2444 326 1.503
175 326 1.503
3775 325 1.498
757 324 1.493
210 323 1.489
4867 323 1.489
5613 323 1.489
6224 323 1.489
4428 322 1.484
4118 322 1.484
1504 321 1.48
1965 320 1.475
95 320 1.475
2983 320 1.475
5039 320 1.475
1747 319 1.47
3492 319 1.47
5480 318 1.466
5228 318 1.466
152 317 1.461
6164 317 1.461
5780 316 1.457
6523 316 1.457
3254 316 1.457
6764 316 1.457
5750 315 1.452
2027 315 1.452
2067 315 1.452
1721 315 1.452
226 315 1.452
2530 315 1.452
764 314 1.447
224 314 1.447
949 314 1.447
5802 314 1.447
2043 314 1.447
6690 313 1.443
2351 313 1.443
3552 313 1.443
1360 313 1.443
5203 312 1.438
1757 312 1.438
202 311 1.434
7061 311 1.434
6715 311 1.434
1670 311 1.434
4559 311 1.434
3790 311 1.434
2431 310 1.429
2969 310 1.429
4404 310 1.429
1873 310 1.429
6657 309 1.424
4686 309 1.424
1048 309 1.424
1100 309 1.424
217 309 1.424
3936 309 1.424
4660 308 1.42
6209 308 1.42
1306 308 1.42
669 308 1.42
3956 308 1.42
2843 307 1.415
2057 307 1.415
7009 307 1.415
370 307 1.415
3551 306 1.41
2931 306 1.41
6512 306 1.41
5721 306 1.41
1494 305 1.406
1595 305 1.406
4862 304 1.401
6767 304 1.401
7223 304 1.401
1337 303 1.397
1988 303 1.397
4698 302 1.392
1762 302 1.392
867 302 1.392
2310 302 1.392
1097 302 1.392
6705 302 1.392
1393 302 1.392
1587 301 1.387
5732 301 1.387
6288 301 1.387
1974 301 1.387
5645 300 1.383
6233 300 1.383
4336 300 1.383
1197 299 1.378
678 299 1.378
6234 298 1.374
4889 298 1.374
653 298 1.374
1953 298 1.374
3833 297 1.369
258 297 1.369
1748 296 1.364
5264 296 1.364
1775 296 1.364
5688 296 1.364
633 296 1.364
7076 296 1.364
4721 296 1.364
1261 296 1.364
703 296 1.364
195 295 1.36
4695 295 1.36
3812 295 1.36
387 295 1.36
2149 294 1.355
5700 293 1.351
6283 293 1.351
824 293 1.351
6638 293 1.351
1416 293 1.351
1749 292 1.346
6908 292 1.346
7127 292 1.346
6147 292 1.346
7336 292 1.346
587 292 1.346
845 291 1.341
3761 291 1.341
2574 290 1.337
5035 290 1.337
5125 290 1.337
4115 290 1.337
5270 290 1.337
702 289 1.332
2008 289 1.332
5847 289 1.332
1469 289 1.332
1263 289 1.332
7002 288 1.327
28 288 1.327
1407 288 1.327
4420 287 1.323
7298 287 1.323
2418 287 1.323
1476 287 1.323
5046 287 1.323
3498 286 1.318
96 286 1.318
6925 286 1.318
1387 285 1.314
6910 284 1.309
544 284 1.309
2134 284 1.309
172 284 1.309
818 283 1.304
6372 283 1.304
1917 283 1.304
4830 283 1.304
5853 283 1.304
2048 282 1.3
251 282 1.3
3368 282 1.3
630 282 1.3
5158 282 1.3
3792 282 1.3
6135 281 1.295
3849 281 1.295
2035 281 1.295
6450 281 1.295
218 281 1.295
1805 280 1.291
2303 280 1.291
2953 280 1.291
1678 280 1.291
6953 279 1.286
2307 279 1.286
5862 279 1.286
2021 278 1.281
1380 278 1.281
5389 278 1.281
2199 278 1.281
747 277 1.277
760 277 1.277
373 277 1.277
5738 277 1.277
6532 276 1.272
5651 276 1.272
1618 276 1.272
4280 275 1.268
4246 275 1.268
250 275 1.268
6825 275 1.268
3743 275 1.268
2419 275 1.268
6700 275 1.268
1952 274 1.263
5709 274 1.263
2117 274 1.263
2014 274 1.263
4127 274 1.263
5865 274 1.263
5898 274 1.263
198 273 1.258
1040 273 1.258
4715 273 1.258
5899 273 1.258
5054 273 1.258
5897 273 1.258
6010 272 1.254
6014 272 1.254
5642 272 1.254
5675 272 1.254
3335 272 1.254
1985 272 1.254
5288 272 1.254
6919 272 1.254
5733 271 1.249
4917 271 1.249
1750 270 1.245
6686 270 1.245
4424 270 1.245
6439 270 1.245
6428 270 1.245
4468 269 1.24
3423 269 1.24
621 269 1.24
6742 269 1.24
3490 269 1.24
3497 269 1.24
3304 269 1.24
6033 269 1.24
3015 268 1.235
494 268 1.235
5267 268 1.235
1959 267 1.231
2778 267 1.231
2932 267 1.231
6915 267 1.231
3327 266 1.226
2047 266 1.226
1679 266 1.226
158 266 1.226
5844 266 1.226
5905 266 1.226
3777 265 1.221
6948 265 1.221
1467 265 1.221
884 265 1.221
381 265 1.221
6568 264 1.217
4236 264 1.217
2030 264 1.217
3511 264 1.217
4193 263 1.212
6544 263 1.212
2420 263 1.212
3756 263 1.212
3545 263 1.212
632 262 1.208
2024 262 1.208
3162 262 1.208
5367 262 1.208
6427 262 1.208
201 262 1.208
6766 261 1.203
3524 260 1.198
1231 260 1.198
4817 260 1.198
2060 259 1.194
6238 259 1.194
2421 259 1.194
6368 259 1.194
3709 259 1.194
7119 258 1.189
2882 258 1.189
2891 258 1.189
1557 258 1.189
5358 258 1.189
3801 258 1.189
6873 257 1.185
1313 257 1.185
668 257 1.185
2314 257 1.185
3805 257 1.185
6337 256 1.18
2480 256 1.18
3340 256 1.18
5884 256 1.18
5664 256 1.18
3557 256 1.18
6094 255 1.175
4770 255 1.175
4224 255 1.175
4274 255 1.175
4634 255 1.175
998 255 1.175
522 255 1.175
616 255 1.175
1603 254 1.171
3558 254 1.171
6837 254 1.171
4553 254 1.171
4250 254 1.171
902 254 1.171
1028 253 1.166
7311 253 1.166
6155 253 1.166
2445 253 1.166
1422 253 1.166
185 253 1.166
4005 253 1.166
4465 253 1.166
4496 252 1.162
5008 252 1.162
6273 252 1.162
5660 252 1.162
6724 252 1.162
922 252 1.162
360 252 1.162
3539 251 1.157
2441 251 1.157
2889 251 1.157
4638 251 1.157
2197 251 1.157
5335 250 1.152
4152 250 1.152
2026 250 1.152
1076 250 1.152
5697 250 1.152
4855 250 1.152
4565 250 1.152
1852 250 1.152
3992 250 1.152
4858 249 1.148
3047 249 1.148
4369 249 1.148
1518 249 1.148
166 249 1.148
1606 248 1.143
3517 248 1.143
2982 248 1.143
1824 248 1.143
1756 247 1.139
2037 247 1.139
3386 247 1.139
5749 246 1.134
5167 246 1.134
4818 246 1.134
1433 246 1.134
364 246 1.134
2065 245 1.129
3108 245 1.129
143 245 1.129
4356 245 1.129
2184 245 1.129
5523 245 1.129
2143 245 1.129
582 245 1.129
4680 245 1.129
6120 244 1.125
4549 244 1.125
2157 244 1.125
4775 243 1.12
1923 243 1.12
6755 243 1.12
750 242 1.115
5114 242 1.115
5132 242 1.115
5818 242 1.115
6957 241 1.111
4367 241 1.111
142 241 1.111
3110 241 1.111
3380 241 1.111
1532 241 1.111
554 240 1.106
6514 240 1.106
84 240 1.106
3870 240 1.106
3571 240 1.106
7219 240 1.106
7352 240 1.106
1949 240 1.106
1043 240 1.106
6609 240 1.106
6929 240 1.106
5526 239 1.102
3600 239 1.102
5043 239 1.102
3194 238 1.097
59 238 1.097
4784 238 1.097
7242 238 1.097
2793 238 1.097
3951 238 1.097
174 238 1.097
3016 237 1.092
3764 237 1.092
4488 237 1.092
6606 237 1.092
1611 237 1.092
2405 236 1.088
1495 236 1.088
4700 236 1.088
1655 236 1.088
5626 236 1.088
5082 236 1.088
1786 235 1.083
94 235 1.083
7117 235 1.083
219 235 1.083
6757 235 1.083
6601 235 1.083
5481 234 1.079
6127 234 1.079
3767 234 1.079
238 234 1.079
1209 234 1.079
2198 234 1.079
1719 234 1.079
4418 233 1.074
3287 233 1.074
1604 233 1.074
4570 233 1.074
6328 233 1.074
3281 233 1.074
3508 232 1.069
5849 232 1.069
6520 231 1.065
2062 231 1.065
4987 231 1.065
6009 231 1.065
3637 231 1.065
1689 231 1.065
1259 231 1.065
137 230 1.06
7243 230 1.06
3506 230 1.06
1321 230 1.06
4377 229 1.056
6121 229 1.056
4357 229 1.056
5091 229 1.056
3841 229 1.056
3906 229 1.056
3527 229 1.056
5768 228 1.051
3899 228 1.051
1622 228 1.051
5646 228 1.051
6408 228 1.051
2816 228 1.051
3839 227 1.046
3260 227 1.046
853 227 1.046
2916 227 1.046
1020 227 1.046
4661 227 1.046
888 226 1.042
3346 226 1.042
5090 225 1.037
1435 225 1.037
701 224 1.032
3548 224 1.032
5472 224 1.032
351 224 1.032
1171 224 1.032
686 223 1.028
221 223 1.028
6286 223 1.028
4317 223 1.028
129 223 1.028
3442 223 1.028
178 222 1.023
565 222 1.023
1680 222 1.023
3029 222 1.023
2917 222 1.023
346 222 1.023
2810 222 1.023
617 222 1.023
5155 222 1.023
559 221 1.019
546 221 1.019
4625 221 1.019
6581 220 1.014
5189 220 1.014
598 220 1.014
1340 220 1.014
3896 219 1.009
25 219 1.009
2896 219 1.009
79 219 1.009
1948 219 1.009
5383 219 1.009
5268 219 1.009
3164 218 1.005
2745 218 1.005
666 218 1.005
2185 218 1.005
2965 217 1.0
1780 217 1.0
4683 217 1.0
6032 217 1.0
3111 217 1.0
1510 217 1.0
7034 217 1.0
1671 216 0.996
2182 216 0.996
6377 216 0.996
2158 216 0.996
6064 216 0.996
2901 215 0.991
623 215 0.991
4443 215 0.991
1772 215 0.991
2044 215 0.991
5879 215 0.991
3371 215 0.991
6560 214 0.986
7086 214 0.986
1672 214 0.986
4276 214 0.986
613 214 0.986
311 214 0.986
7075 214 0.986
3854 214 0.986
7032 214 0.986
4493 214 0.986
2740 213 0.982
3344 213 0.982
6970 213 0.982
4494 213 0.982
7218 212 0.977
6954 212 0.977
4003 212 0.977
2171 212 0.977
2042 211 0.973
3891 211 0.973
5519 211 0.973
2913 211 0.973
919 211 0.973
3005 211 0.973
5058 211 0.973
5722 210 0.968
1134 210 0.968
800 210 0.968
7217 210 0.968
7059 210 0.968
7135 210 0.968
5265 210 0.968
5903 210 0.968
92 210 0.968
1941 210 0.968
5188 209 0.963
4717 209 0.963
1106 209 0.963
7206 209 0.963
856 209 0.963
2020 208 0.959
5128 208 0.959
4940 208 0.959
3603 208 0.959
1899 208 0.959
6924 208 0.959
1608 208 0.959
4178 207 0.954
1298 207 0.954
3428 207 0.954
6341 207 0.954
2644 207 0.954
6242 206 0.95
5681 206 0.95
1728 206 0.95
5672 205 0.945
5517 205 0.945
1477 205 0.945
2125 205 0.945
5490 205 0.945
586 205 0.945
1879 205 0.945
5165 204 0.94
5129 204 0.94
6338 204 0.94
1681 204 0.94
5734 204 0.94
2156 204 0.94
1624 204 0.94
1626 203 0.936
5088 203 0.936
6607 203 0.936
5603 203 0.936
2142 203 0.936
2506 202 0.931
7264 202 0.931
3501 202 0.931
6151 202 0.931
6878 202 0.931
1200 202 0.931
68 202 0.931
3974 202 0.931
996 201 0.926
6268 201 0.926
5770 201 0.926
3157 201 0.926
181 201 0.926
58 201 0.926
612 201 0.926
1731 201 0.926
5518 200 0.922
123 200 0.922
6857 200 0.922
1754 200 0.922
615 200 0.922
4248 200 0.922
3721 200 0.922
3837 200 0.922
5874 200 0.922
1732 200 0.922
6579 199 0.917
7005 199 0.917
3196 199 0.917
2676 199 0.917
1423 199 0.917
5737 199 0.917
1903 199 0.917
3960 199 0.917
803 199 0.917
2462 198 0.913
7122 198 0.913
7120 198 0.913
3275 198 0.913
2526 198 0.913
7042 198 0.913
4376 198 0.913
4513 198 0.913
6642 198 0.913
2826 198 0.913
3086 198 0.913
722 197 0.908
6298 197 0.908
7359 197 0.908
2883 197 0.908
3860 197 0.908
2690 197 0.908
2174 197 0.908
5855 197 0.908
3493 197 0.908
3542 196 0.903
4951 196 0.903
3834 196 0.903
1378 196 0.903
5707 196 0.903
3593 196 0.903
1482 196 0.903
3126 195 0.899
4703 195 0.899
3773 195 0.899
6325 195 0.899
1419 195 0.899
3163 195 0.899
804 195 0.899
3742 195 0.899
6143 195 0.899
5276 195 0.899
5227 194 0.894
1570 194 0.894
6674 194 0.894
6906 194 0.894
6327 194 0.894
5704 194 0.894
3786 194 0.894
2449 193 0.89
5460 193 0.89
200 193 0.89
2758 193 0.89
6019 193 0.89
799 193 0.89
88 193 0.89
1158 193 0.89
5717 193 0.89
745 192 0.885
2624 192 0.885
1328 192 0.885
4125 192 0.885
5166 192 0.885
819 192 0.885
4227 192 0.885
3758 192 0.885
176 192 0.885
1175 191 0.88
2850 191 0.88
1223 191 0.88
3832 191 0.88
4662 191 0.88
5487 191 0.88
2706 191 0.88
1932 191 0.88
3616 190 0.876
228 190 0.876
7347 190 0.876
782 190 0.876
1975 190 0.876
106 190 0.876
363 190 0.876
5406 190 0.876
3526 190 0.876
7282 190 0.876
6287 189 0.871
6225 189 0.871
5579 189 0.871
2679 189 0.871
2454 189 0.871
2743 189 0.871
6597 189 0.871
2892 188 0.867
3510 188 0.867
117 188 0.867
4412 188 0.867
2846 188 0.867
5857 188 0.867
4304 188 0.867
5373 187 0.862
752 187 0.862
101 187 0.862
2455 187 0.862
5292 187 0.862
4914 187 0.862
3121 186 0.857
6336 186 0.857
603 186 0.857
6719 186 0.857
5494 186 0.857
6291 186 0.857
5692 186 0.857
3135 186 0.857
1597 185 0.853
2459 185 0.853
6183 185 0.853
3946 185 0.853
5607 184 0.848
6576 184 0.848
2009 184 0.848
6073 184 0.848
1341 184 0.848
5464 184 0.848
3209 184 0.848
1434 184 0.848
6763 183 0.844
1359 183 0.844
6653 183 0.844
2379 183 0.844
639 183 0.844
6243 183 0.844
2866 183 0.844
3976 183 0.844
4509 182 0.839
2463 182 0.839
5549 182 0.839
4863 182 0.839
2146 182 0.839
3417 181 0.834
140 181 0.834
2016 181 0.834
1758 181 0.834
4569 181 0.834
5501 181 0.834
2650 180 0.83
911 180 0.83
7089 180 0.83
1227 180 0.83
6591 180 0.83
157 180 0.83
4769 180 0.83
4801 180 0.83
4006 180 0.83
767 180 0.83
4182 180 0.83
5097 180 0.83
592 179 0.825
1355 179 0.825
126 179 0.825
3848 179 0.825
3995 179 0.825
3804 179 0.825
6404 178 0.82
3624 178 0.82
5769 178 0.82
2440 178 0.82
7063 178 0.82
1099 178 0.82
3797 178 0.82
7085 178 0.82
5901 178 0.82
3789 178 0.82
3390 178 0.82
2447 177 0.816
225 177 0.816
6274 177 0.816
2534 177 0.816
4614 177 0.816
2399 177 0.816
2952 177 0.816
1995 177 0.816
910 177 0.816
5852 177 0.816
2145 177 0.816
1389 177 0.816
6200 176 0.811
4310 176 0.811
3664 176 0.811
6577 176 0.811
2648 176 0.811
889 176 0.811
1865 176 0.811
3421 176 0.811
2825 176 0.811
337 176 0.811
3118 175 0.807
1989 175 0.807
5118 175 0.807
4707 175 0.807
3006 175 0.807
5466 175 0.807
136 175 0.807
6324 175 0.807
5552 174 0.802
1742 174 0.802
4731 174 0.802
6407 174 0.802
1594 174 0.802
4302 174 0.802
1976 174 0.802
4338 174 0.802
4512 174 0.802
4464 174 0.802
5641 173 0.797
3025 173 0.797
6952 173 0.797
4277 173 0.797
2619 173 0.797
3541 173 0.797
2424 173 0.797
87 173 0.797
353 173 0.797
37 172 0.793
3861 172 0.793
1426 172 0.793
4121 172 0.793
192 172 0.793
5756 172 0.793
6561 172 0.793
3667 171 0.788
310 171 0.788
2732 171 0.788
4483 171 0.788
5566 171 0.788
339 171 0.788
5881 171 0.788
4948 171 0.788
7020 171 0.788
1051 170 0.784
5259 170 0.784
4840 170 0.784
907 170 0.784
4972 170 0.784
6122 170 0.784
6720 170 0.784
4988 170 0.784
2948 170 0.784
2567 170 0.784
1534 170 0.784
199 170 0.784
5299 170 0.784
2869 170 0.784
7049 169 0.779
4372 169 0.779
2977 169 0.779
4010 169 0.779
6610 169 0.779
66 169 0.779
5467 169 0.779
2622 169 0.779
2771 169 0.779
5830 169 0.779
6830 169 0.779
6317 168 0.774
4835 168 0.774
1601 168 0.774
1132 168 0.774
4426 168 0.774
2435 168 0.774
2422 168 0.774
1215 168 0.774
6808 168 0.774
1281 168 0.774
5222 168 0.774
7278 168 0.774
1304 167 0.77
1676 167 0.77
2985 167 0.77
3354 167 0.77
5169 167 0.77
2886 167 0.77
4777 167 0.77
4469 167 0.77
1002 167 0.77
3618 167 0.77
3788 167 0.77
1139 166 0.765
5195 166 0.765
4472 166 0.765
1108 166 0.765
6027 166 0.765
5430 166 0.765
6020 166 0.765
7004 166 0.765
841 166 0.765
990 166 0.765
4636 166 0.765
3996 166 0.765
2194 166 0.765
5050 166 0.765
3089 166 0.765
3051 166 0.765
6961 166 0.765
5824 165 0.761
6656 165 0.761
1130 165 0.761
1527 165 0.761
6023 165 0.761
2141 165 0.761
1977 165 0.761
5742 165 0.761
5848 165 0.761
4007 165 0.761
4701 164 0.756
4548 164 0.756
1905 164 0.756
6567 164 0.756
2429 164 0.756
5182 164 0.756
6533 164 0.756
3678 164 0.756
3399 164 0.756
2010 164 0.756
7313 163 0.751
1548 163 0.751
2005 163 0.751
3037 163 0.751
6619 163 0.751
6511 163 0.751
1398 163 0.751
380 163 0.751
4272 162 0.747
4518 162 0.747
3337 162 0.747
6668 162 0.747
5185 162 0.747
2954 162 0.747
4995 162 0.747
4476 162 0.747
1991 161 0.742
5744 161 0.742
3819 161 0.742
2585 161 0.742
2940 161 0.742
7304 161 0.742
3740 161 0.742
6879 160 0.737
1582 160 0.737
2000 160 0.737
5031 160 0.737
1793 160 0.737
1751 160 0.737
5196 160 0.737
1349 160 0.737
5877 160 0.737
971 160 0.737
341 160 0.737
5871 160 0.737
7361 159 0.733
6709 159 0.733
4697 159 0.733
6476 159 0.733
3391 159 0.733
3519 159 0.733
4722 159 0.733
1556 159 0.733
847 158 0.728
5438 158 0.728
227 158 0.728
1913 158 0.728
6956 158 0.728
2935 158 0.728
7286 158 0.728
1236 157 0.724
3176 157 0.724
6582 157 0.724
6334 157 0.724
4851 157 0.724
4410 157 0.724
3757 157 0.724
7388 157 0.724
5757 157 0.724
5548 157 0.724
378 157 0.724
3802 157 0.724
5284 157 0.724
6618 157 0.724
3731 157 0.724
4709 156 0.719
5763 156 0.719
1110 156 0.719
4456 156 0.719
844 156 0.719
1461 156 0.719
5778 156 0.719
5236 156 0.719
952 156 0.719
3269 156 0.719
5339 156 0.719
5461 156 0.719
2702 155 0.714
6758 155 0.714
4996 155 0.714
289 155 0.714
2496 155 0.714
7121 155 0.714
6013 155 0.714
2887 155 0.714
4653 155 0.714
5258 155 0.714
2993 155 0.714
1187 155 0.714
861 155 0.714
109 155 0.714
3053 155 0.714
2192 155 0.714
4704 155 0.714
4392 154 0.71
233 154 0.71
7071 154 0.71
4232 154 0.71
2427 154 0.71
6730 154 0.71
1059 154 0.71
5360 154 0.71
3769 154 0.71
304 153 0.705
2582 153 0.705
3270 153 0.705
4278 153 0.705
2559 153 0.705
2689 153 0.705
4266 153 0.705
4251 153 0.705
6434 153 0.705
3191 153 0.705
5617 153 0.705
2464 152 0.701
6981 152 0.701
2893 152 0.701
2914 152 0.701
5666 152 0.701
4109 152 0.701
2439 152 0.701
1700 152 0.701
3735 152 0.701
5340 152 0.701
6932 152 0.701
2191 152 0.701
6506 152 0.701
2377 151 0.696
4833 151 0.696
5400 151 0.696
700 151 0.696
982 151 0.696
2686 151 0.696
2173 151 0.696
2150 151 0.696
1788 151 0.696
810 151 0.696
6967 151 0.696
6587 150 0.691
6269 150 0.691
7252 150 0.691
766 150 0.691
1205 150 0.691
4446 150 0.691
7390 150 0.691
45 150 0.691
5414 150 0.691
3727 150 0.691
6728 150 0.691
5042 150 0.691
4970 149 0.687
1369 149 0.687
4265 149 0.687
2428 149 0.687
4411 149 0.687
7235 149 0.687
1388 149 0.687
110 149 0.687
6329 149 0.687
3253 149 0.687
7124 148 0.682
705 148 0.682
753 148 0.682
6706 148 0.682
2895 148 0.682
5138 148 0.682
53 148 0.682
6552 148 0.682
3586 147 0.678
1898 147 0.678
3434 147 0.678
6313 147 0.678
7111 147 0.678
1143 147 0.678
1572 147 0.678
4885 147 0.678
619 147 0.678
6119 147 0.678
3389 147 0.678
4640 147 0.678
2140 147 0.678
3255 147 0.678
4659 146 0.673
7348 146 0.673
1424 146 0.673
2049 146 0.673
7018 146 0.673
1553 146 0.673
5893 146 0.673
3256 146 0.673
3349 145 0.668
5223 145 0.668
4699 145 0.668
3334 145 0.668
6649 145 0.668
4263 145 0.668
2946 145 0.668
3713 145 0.668
7072 145 0.668
3418 145 0.668
7245 145 0.668
3482 145 0.668
519 145 0.668
3112 145 0.668
6723 145 0.668
1740 144 0.664
5277 144 0.664
6315 144 0.664
7238 144 0.664
2417 144 0.664
550 144 0.664
4714 144 0.664
5396 144 0.664
7300 144 0.664
144 144 0.664
6672 144 0.664
1452 144 0.664
1714 144 0.664
1047 144 0.664
3518 144 0.664
4268 144 0.664
1468 144 0.664
3952 144 0.664
3011 144 0.664
3791 144 0.664
1770 143 0.659
184 143 0.659
2618 143 0.659
2852 143 0.659
3198 143 0.659
4550 143 0.659
3628 143 0.659
1942 143 0.659
6111 143 0.659
915 143 0.659
2578 143 0.659
1041 143 0.659
2054 143 0.659
1397 143 0.659
6065 143 0.659
1727 143 0.659
7139 143 0.659
3859 142 0.655
3495 142 0.655
5433 142 0.655
1918 142 0.655
5705 142 0.655
3494 142 0.655
4187 142 0.655
1456 142 0.655
1785 142 0.655
813 142 0.655
2078 142 0.655
1193 142 0.655
2834 142 0.655
1543 141 0.65
1135 141 0.65
4226 141 0.65
5181 141 0.65
2576 141 0.65
5500 141 0.65
3311 141 0.65
6105 141 0.65
4918 141 0.65
102 141 0.65
5813 141 0.65
5859 141 0.65
3341 141 0.65
4792 140 0.645
5693 140 0.645
229 140 0.645
1856 140 0.645
2880 140 0.645
5869 140 0.645
5381 140 0.645
2921 140 0.645
1170 140 0.645
2077 140 0.645
7014 140 0.645
182 139 0.641
7259 139 0.641
153 139 0.641
1764 139 0.641
1711 139 0.641
1385 139 0.641
7090 139 0.641
4787 139 0.641
1294 139 0.641
4442 139 0.641
2741 139 0.641
5218 139 0.641
7285 139 0.641
4836 138 0.636
4258 138 0.636
5450 138 0.636
7293 138 0.636
1591 138 0.636
3745 138 0.636
1470 138 0.636
2606 138 0.636
5715 138 0.636
4320 138 0.636
5888 138 0.636
6303 137 0.631
590 137 0.631
490 137 0.631
5767 137 0.631
3427 137 0.631
3894 137 0.631
1854 137 0.631
97 137 0.631
4300 137 0.631
3827 137 0.631
3824 137 0.631
506 137 0.631
6760 137 0.631
2164 137 0.631
5652 136 0.627
5071 136 0.627
4610 136 0.627
260 136 0.627
3533 136 0.627
5654 136 0.627
2960 136 0.627
812 136 0.627
6142 135 0.622
4495 135 0.622
2115 135 0.622
4383 135 0.622
4682 135 0.622
3012 135 0.622
208 135 0.622
7334 135 0.622
3549 135 0.622
5366 135 0.622
4471 135 0.622
808 135 0.622
4959 135 0.622
5633 135 0.622
7387 135 0.622
3090 135 0.622
5578 135 0.622
2906 134 0.618
2652 134 0.618
149 134 0.618
5623 134 0.618
3514 134 0.618
1234 134 0.618
980 134 0.618
193 133 0.613
7114 133 0.613
7113 133 0.613
6189 133 0.613
1457 133 0.613
3577 133 0.613
3840 133 0.613
2978 133 0.613
98 133 0.613
6258 133 0.613
1666 133 0.613
2544 133 0.613
601 132 0.608
5168 132 0.608
3862 132 0.608
6707 132 0.608
1235 132 0.608
5803 132 0.608
6392 132 0.608
1314 132 0.608
4592 132 0.608
5728 132 0.608
3744 132 0.608
6465 132 0.608
3994 132 0.608
4658 131 0.604
5415 131 0.604
2548 131 0.604
33 131 0.604
6745 131 0.604
7292 131 0.604
3719 131 0.604
3242 131 0.604
4144 131 0.604
6084 130 0.599
5691 130 0.599
5435 130 0.599
4318 130 0.599
5401 130 0.599
1027 130 0.599
5596 130 0.599
6754 130 0.599
3785 130 0.599
356 130 0.599
1536 130 0.599
7305 130 0.599
2630 130 0.599
3513 130 0.599
5605 129 0.595
4747 129 0.595
1050 129 0.595
6987 129 0.595
3902 129 0.595
3355 129 0.595
3000 129 0.595
3737 129 0.595
368 129 0.595
4463 129 0.595
4915 129 0.595
167 129 0.595
6699 129 0.595
6898 129 0.595
5295 128 0.59
3013 128 0.59
3298 128 0.59
3377 128 0.59
4944 128 0.59
2148 128 0.59
6062 128 0.59
2792 127 0.585
1421 127 0.585
3048 127 0.585
7372 127 0.585
664 127 0.585
1120 127 0.585
7367 127 0.585
3816 127 0.585
4814 127 0.585
371 127 0.585
7186 127 0.585
6492 127 0.585
5465 127 0.585
521 127 0.585
375 127 0.585
3779 127 0.585
6026 127 0.585
5864 127 0.585
1723 127 0.585
5119 127 0.585
3324 127 0.585
5427 126 0.581
2011 126 0.581
5242 126 0.581
1507 126 0.581
4299 126 0.581
1111 126 0.581
6516 126 0.581
133 126 0.581
1675 126 0.581
1979 126 0.581
3207 126 0.581
2342 126 0.581
5751 126 0.581
7338 126 0.581
820 125 0.576
6444 125 0.576
1220 125 0.576
3103 125 0.576
3817 125 0.576
5329 125 0.576
3249 125 0.576
4195 125 0.576
5690 125 0.576
6530 125 0.576
3830 125 0.576
641 125 0.576
765 125 0.576
4783 125 0.576
3400 125 0.576
5627 125 0.576
1987 125 0.576
1943 125 0.576
5286 125 0.576
5407 125 0.576
1710 125 0.576
4220 125 0.576
2317 125 0.576
5455 124 0.572
5110 124 0.572
5811 124 0.572
2795 124 0.572
6140 124 0.572
549 124 0.572
3872 124 0.572
3447 124 0.572
316 124 0.572
2772 124 0.572
5080 124 0.572
665 124 0.572
5099 123 0.567
1934 123 0.567
1212 123 0.567
141 123 0.567
3852 123 0.567
6285 123 0.567
6208 123 0.567
2660 123 0.567
3274 123 0.567
6021 122 0.562
3919 122 0.562
4448 122 0.562
1454 122 0.562
5233 122 0.562
2580 122 0.562
4237 122 0.562
17 122 0.562
1741 122 0.562
6316 122 0.562
7001 122 0.562
6756 122 0.562
5890 122 0.562
3615 122 0.562
3280 121 0.558
5240 121 0.558
4705 121 0.558
6386 121 0.558
6080 121 0.558
85 121 0.558
794 121 0.558
7274 121 0.558
4888 121 0.558
2739 121 0.558
352 121 0.558
5854 121 0.558
3940 121 0.558
6312 120 0.553
4235 120 0.553
5106 120 0.553
1878 120 0.553
710 120 0.553
2376 120 0.553
5679 120 0.553
155 120 0.553
1064 120 0.553
6179 120 0.553
3440 120 0.553
5900 120 0.553
2071 120 0.553
362 120 0.553
2967 119 0.549
4242 119 0.549
6187 119 0.549
1121 119 0.549
2844 119 0.549
4244 119 0.549
6539 119 0.549
6713 119 0.549
3897 119 0.549
3714 119 0.549
1970 119 0.549
525 119 0.549
1864 119 0.549
4321 119 0.549
2531 118 0.544
1439 118 0.544
5511 118 0.544
1005 118 0.544
2106 118 0.544
7000 118 0.544
2053 118 0.544
6739 118 0.544
781 118 0.544
2497 118 0.544
6880 118 0.544
89 118 0.544
5522 118 0.544
1564 118 0.544
301 118 0.544
3880 118 0.544
372 118 0.544
4417 117 0.539
7054 117 0.539
7102 117 0.539
1705 117 0.539
3328 117 0.539
2662 117 0.539
5402 117 0.539
2603 117 0.539
1831 117 0.539
3277 117 0.539
1153 117 0.539
3130 117 0.539
5493 117 0.539
5895 117 0.539
6996 116 0.535
660 116 0.535
6281 116 0.535
3273 116 0.535
146 116 0.535
2108 116 0.535
1038 116 0.535
523 116 0.535
4303 116 0.535
2980 116 0.535
4423 116 0.535
4230 116 0.535
4012 116 0.535
5891 116 0.535
5902 116 0.535
2762 116 0.535
5625 116 0.535
1371 116 0.535
7079 115 0.53
1920 115 0.53
754 115 0.53
1810 115 0.53
6946 115 0.53
6945 115 0.53
4447 115 0.53
2991 115 0.53
5235 115 0.53
792 115 0.53
5204 115 0.53
1329 115 0.53
508 115 0.53
1619 115 0.53
6980 115 0.53
5622 115 0.53
4326 115 0.53
4002 115 0.53
3056 115 0.53
5876 115 0.53
1712 115 0.53
1596 114 0.525
1228 114 0.525
6588 114 0.525
6141 114 0.525
786 114 0.525
725 114 0.525
5113 114 0.525
2434 114 0.525
6116 114 0.525
5589 114 0.525
5724 114 0.525
2791 114 0.525
5274 114 0.525
1473 114 0.525
103 114 0.525
658 114 0.525
1229 114 0.525
275 114 0.525
3937 114 0.525
4587 114 0.525
2018 113 0.521
3826 113 0.521
6671 113 0.521
631 113 0.521
1330 113 0.521
858 113 0.521
6290 113 0.521
2023 113 0.521
6081 113 0.521
3454 113 0.521
1628 113 0.521
1677 113 0.521
3630 113 0.521
2820 113 0.521
3729 113 0.521
5795 113 0.521
3305 113 0.521
2430 113 0.521
7337 113 0.521
164 113 0.521
5610 112 0.516
203 112 0.516
5667 112 0.516
7225 112 0.516
6637 112 0.516
502 112 0.516
2832 112 0.516
640 112 0.516
5498 112 0.516
3462 112 0.516
5255 112 0.516
3813 112 0.516
7384 112 0.516
5695 112 0.516
5568 112 0.516
6901 112 0.516
1431 112 0.516
597 112 0.516
105 112 0.516
5856 112 0.516
5120 112 0.516
3763 111 0.512
5520 111 0.512
984 111 0.512
2611 111 0.512
1930 111 0.512
5663 111 0.512
3746 111 0.512
4444 111 0.512
213 111 0.512
5669 111 0.512
4561 111 0.512
1157 111 0.512
2056 111 0.512
2013 111 0.512
6163 111 0.512
1861 111 0.512
2629 111 0.512
5851 111 0.512
6300 110 0.507
2705 110 0.507
7091 110 0.507
594 110 0.507
4113 110 0.507
1584 110 0.507
1866 110 0.507
5326 110 0.507
5375 110 0.507
2525 110 0.507
5696 110 0.507
3794 110 0.507
243 110 0.507
2568 110 0.507
4994 110 0.507
3522 110 0.507
899 110 0.507
113 110 0.507
785 110 0.507
347 110 0.507
6235 109 0.502
6077 109 0.502
1032 109 0.502
6711 109 0.502
3820 109 0.502
4445 109 0.502
255 109 0.502
3928 109 0.502
5244 109 0.502
4730 109 0.502
3750 109 0.502
6751 109 0.502
3828 109 0.502
941 109 0.502
5863 109 0.502
3984 109 0.502
3955 109 0.502
273 109 0.502
3933 109 0.502
4969 109 0.502
901 109 0.502
5108 108 0.498
7341 108 0.498
2561 108 0.498
4772 108 0.498
6390 108 0.498
4642 108 0.498
6423 108 0.498
5809 108 0.498
287 108 0.498
837 108 0.498
2475 108 0.498
4015 108 0.498
4176 108 0.498
6228 107 0.493
4997 107 0.493
7156 107 0.493
6446 107 0.493
6592 107 0.493
2029 107 0.493
147 107 0.493
2438 107 0.493
189 107 0.493
1552 107 0.493
2836 107 0.493
6248 107 0.493
2888 107 0.493
3439 107 0.493
6536 107 0.493
252 107 0.493
2579 107 0.493
1224 107 0.493
605 107 0.493
3429 107 0.493
6352 107 0.493
5010 107 0.493
3292 107 0.493
937 107 0.493
1673 107 0.493
4815 107 0.493
112 107 0.493
6913 107 0.493
267 107 0.493
5093 107 0.493
7064 107 0.493
2693 106 0.489
4794 106 0.489
2505 106 0.489
6665 106 0.489
4407 106 0.489
3724 106 0.489
1915 106 0.489
5280 106 0.489
6519 106 0.489
2625 106 0.489
898 106 0.489
4452 105 0.484
2118 105 0.484
3167 105 0.484
4364 105 0.484
5644 105 0.484
2201 105 0.484
2750 105 0.484
1859 105 0.484
2017 105 0.484
610 105 0.484
3784 105 0.484
1272 105 0.484
2316 105 0.484
171 105 0.484
5628 105 0.484
4943 105 0.484
2617 104 0.479
7115 104 0.479
2786 104 0.479
7333 104 0.479
5001 104 0.479
2529 104 0.479
4831 104 0.479
2452 104 0.479
6319 104 0.479
677 104 0.479
4346 104 0.479
3738 104 0.479
3973 104 0.479
3947 104 0.479
5431 103 0.475
7373 103 0.475
5718 103 0.475
3908 103 0.475
2432 103 0.475
2436 103 0.475
1569 103 0.475
6877 103 0.475
651 103 0.475
7303 103 0.475
1669 103 0.475
2486 103 0.475
6771 103 0.475
5880 103 0.475
2566 102 0.47
6299 102 0.47
6490 102 0.47
5279 102 0.47
179 102 0.47
4229 102 0.47
6985 102 0.47
4615 102 0.47
1969 102 0.47
891 102 0.47
7069 102 0.47
6565 102 0.47
108 102 0.47
2477 102 0.47
5486 102 0.47
69 102 0.47
4333 101 0.466
6168 101 0.466
661 101 0.466
6165 101 0.466
7362 101 0.466
1191 101 0.466
6124 101 0.466
6276 101 0.466
3563 101 0.466
6193 101 0.466
1889 101 0.466
4222 101 0.466
2819 101 0.466
3592 101 0.466
6835 101 0.466
4402 101 0.466
3770 101 0.466
359 101 0.466
5380 101 0.466
1418 100 0.461
1990 100 0.461
6295 100 0.461
3265 100 0.461
2380 100 0.461
6685 100 0.461
1512 100 0.461
5558 100 0.461
2321 100 0.461
3877 100 0.461
2170 100 0.461
4264 100 0.461
6983 99 0.456
6280 99 0.456
204 99 0.456
4845 99 0.456
4324 99 0.456
849 99 0.456
2604 99 0.456
6608 99 0.456
6843 99 0.456
6169 99 0.456
7258 99 0.456
6137 99 0.456
2688 99 0.456
3692 99 0.456
3978 99 0.456
992 98 0.452
6986 98 0.452
6314 98 0.452
7232 98 0.452
4866 98 0.452
1895 98 0.452
3924 98 0.452
1123 98 0.452
870 98 0.452
6823 98 0.452
5772 98 0.452
3218 98 0.452
3997 98 0.452
5474 98 0.452
6701 98 0.452
5424 98 0.452
6493 97 0.447
1344 97 0.447
2626 97 0.447
2426 97 0.447
7268 97 0.447
3267 97 0.447
6872 97 0.447
2382 97 0.447
4368 97 0.447
3599 97 0.447
4877 97 0.447
4868 97 0.447
1102 97 0.447
6531 97 0.447
5872 97 0.447
7283 97 0.447
1820 96 0.442
2338 96 0.442
4547 96 0.442
3591 96 0.442
6703 96 0.442
6185 96 0.442
139 96 0.442
4688 96 0.442
2109 96 0.442
6166 96 0.442
4632 96 0.442
2637 96 0.442
6509 96 0.442
7078 96 0.442
1668 96 0.442
3701 96 0.442
4826 96 0.442
1257 96 0.442
5287 96 0.442
3881 96 0.442
933 96 0.442
1400 96 0.442
165 96 0.442
4453 95 0.438
4332 95 0.438
2533 95 0.438
3525 95 0.438
3236 95 0.438
2461 95 0.438
2979 95 0.438
6729 95 0.438
2907 95 0.438
791 95 0.438
4206 95 0.438
6641 95 0.438
3999 95 0.438
6389 95 0.438
3734 95 0.438
1982 95 0.438
5056 95 0.438
3471 94 0.433
5034 94 0.433
3673 94 0.433
3173 94 0.433
1993 94 0.433
4712 94 0.433
6556 94 0.433
3569 94 0.433
987 94 0.433
5388 94 0.433
5141 94 0.433
3303 94 0.433
6585 94 0.433
2022 94 0.433
3323 94 0.433
1367 94 0.433
2123 94 0.433
6984 94 0.433
2343 94 0.433
5892 94 0.433
4690 93 0.429
3676 93 0.429
784 93 0.429
839 93 0.429
885 93 0.429
6051 93 0.429
7149 93 0.429
761 93 0.429
6882 93 0.429
1946 93 0.429
3266 93 0.429
6113 93 0.429
5074 93 0.429
4000 93 0.429
7109 93 0.429
3554 93 0.429
3596 92 0.424
2210 92 0.424
2903 92 0.424
1188 92 0.424
6861 92 0.424
2487 92 0.424
5790 92 0.424
3384 92 0.424
3572 92 0.424
5689 92 0.424
3041 92 0.424
4977 92 0.424
3279 92 0.424
4470 92 0.424
6353 92 0.424
6569 92 0.424
2553 92 0.424
5886 92 0.424
1115 92 0.424
1277 92 0.424
4588 92 0.424
6348 92 0.424
1600 92 0.424
2425 92 0.424
120 92 0.424
3981 92 0.424
5029 92 0.424
3787 92 0.424
2079 91 0.419
6012 91 0.419
5619 91 0.419
770 91 0.419
4842 91 0.419
2746 91 0.419
7138 91 0.419
751 91 0.419
1037 91 0.419
1745 91 0.419
4519 91 0.419
1125 91 0.419
388 91 0.419
2309 91 0.419
3356 91 0.419
5393 91 0.419
3212 91 0.419
3732 91 0.419
4684 91 0.419
6875 91 0.419
4262 91 0.419
655 91 0.419
4806 90 0.415
6807 90 0.415
4116 90 0.415
4339 90 0.415
543 90 0.415
5432 90 0.415
4617 90 0.415
4694 90 0.415
687 90 0.415
3575 90 0.415
3674 90 0.415
3778 90 0.415
6182 90 0.415
2764 90 0.415
5124 90 0.415
5352 90 0.415
2730 89 0.41
1372 89 0.41
4675 89 0.41
4440 89 0.41
5241 89 0.41
2203 89 0.41
2411 89 0.41
2966 89 0.41
5804 89 0.41
3023 89 0.41
566 89 0.41
2004 89 0.41
1068 89 0.41
7055 89 0.41
4809 89 0.41
1688 89 0.41
6453 89 0.41
3489 89 0.41
6643 89 0.41
2770 89 0.41
6134 89 0.41
5634 89 0.41
2491 89 0.41
1222 89 0.41
2163 89 0.41
1524 89 0.41
1967 89 0.41
4618 88 0.406
1202 88 0.406
2205 88 0.406
2540 88 0.406
2708 88 0.406
3935 88 0.406
2549 88 0.406
2586 88 0.406
7130 88 0.406
1172 88 0.406
5434 88 0.406
921 88 0.406
2414 88 0.406
1107 88 0.406
3782 88 0.406
5247 88 0.406
3990 88 0.406
6934 88 0.406
1936 88 0.406
5820 88 0.406
5668 88 0.406
3024 88 0.406
2097 87 0.401
23 87 0.401
6201 87 0.401
6744 87 0.401
5563 87 0.401
6548 87 0.401
6782 87 0.401
5575 87 0.401
842 87 0.401
1211 87 0.401
111 87 0.401
6726 87 0.401
348 87 0.401
5632 87 0.401
2166 87 0.401
6255 86 0.396
4437 86 0.396
5482 86 0.396
4282 86 0.396
5061 86 0.396
2636 86 0.396
6805 86 0.396
6762 86 0.396
4839 86 0.396
1755 85 0.392
1174 85 0.392
835 85 0.392
492 85 0.392
3268 85 0.392
6131 85 0.392
1858 85 0.392
6599 85 0.392
6104 85 0.392
1347 85 0.392
1217 85 0.392
2154 85 0.392
3210 85 0.392
3211 85 0.392
2647 84 0.387
4389 84 0.387
2986 84 0.387
3366 84 0.387
6083 84 0.387
5399 84 0.387
7377 84 0.387
2909 84 0.387
3672 84 0.387
4800 84 0.387
1791 84 0.387
4347 84 0.387
367 84 0.387
2605 84 0.387
5229 84 0.387
3395 84 0.387
2492 84 0.387
574 84 0.387
3993 84 0.387
768 83 0.383
1420 83 0.383
6578 83 0.383
205 83 0.383
2502 83 0.383
4879 83 0.383
2698 83 0.383
4904 83 0.383
5021 83 0.383
2757 83 0.383
3863 83 0.383
2790 83 0.383
2542 83 0.383
3381 83 0.383
5781 83 0.383
1696 83 0.383
5567 83 0.383
5597 83 0.383
2189 83 0.383
6205 83 0.383
4929 83 0.383
604 83 0.383
4328 83 0.383
5586 83 0.383
1717 83 0.383
382 83 0.383
6060 83 0.383
1390 83 0.383
2833 83 0.383
5683 83 0.383
1178 82 0.378
4655 82 0.378
6615 82 0.378
1098 82 0.378
3726 82 0.378
4878 82 0.378
4231 82 0.378
1773 82 0.378
789 82 0.378
1938 82 0.378
1058 82 0.378
1078 82 0.378
5413 82 0.378
5422 82 0.378
5680 82 0.378
4555 81 0.373
2957 81 0.373
4359 81 0.373
3412 81 0.373
4396 81 0.373
286 81 0.373
493 81 0.373
2051 81 0.373
307 81 0.373
4991 81 0.373
3456 81 0.373
4560 81 0.373
1631 81 0.373
6722 81 0.373
4142 81 0.373
5059 81 0.373
335 81 0.373
6256 80 0.369
2096 80 0.369
2204 80 0.369
4692 80 0.369
1783 80 0.369
4811 80 0.369
6154 80 0.369
6371 80 0.369
389 80 0.369
1204 80 0.369
5172 80 0.369
3772 80 0.369
4761 80 0.369
6636 80 0.369
55 80 0.369
593 80 0.369
1825 80 0.369
3077 80 0.369
2699 79 0.364
2851 79 0.364
956 79 0.364
6413 79 0.364
772 79 0.364
7166 79 0.364
524 79 0.364
7220 79 0.364
2725 79 0.364
4017 79 0.364
191 79 0.364
3034 79 0.364
5698 79 0.364
6451 79 0.364
338 79 0.364
636 79 0.364
5421 79 0.364
4558 79 0.364
4427 78 0.36
4497 78 0.36
6650 78 0.36
4409 78 0.36
491 78 0.36
4480 78 0.36
6573 78 0.36
584 78 0.36
5442 78 0.36
4199 78 0.36
4998 78 0.36
2384 78 0.36
7247 78 0.36
654 78 0.36
1662 78 0.36
344 78 0.36
929 78 0.36
881 78 0.36
1720 78 0.36
3073 78 0.36
1395 78 0.36
2318 78 0.36
3901 77 0.355
2974 77 0.355
60 77 0.355
618 77 0.355
6403 77 0.355
1445 77 0.355
2805 77 0.355
6008 77 0.355
6832 77 0.355
6097 77 0.355
256 77 0.355
2695 77 0.355
6426 77 0.355
1919 77 0.355
7088 77 0.355
995 77 0.355
994 77 0.355
4050 77 0.355
4677 77 0.355
3556 77 0.355
6114 76 0.35
2116 76 0.35
7297 76 0.35
626 76 0.35
6144 76 0.35
2900 76 0.35
5807 76 0.35
6692 76 0.35
4228 76 0.35
2719 76 0.35
6772 76 0.35
6203 76 0.35
1305 76 0.35
7170 76 0.35
4301 76 0.35
4645 76 0.35
3730 76 0.35
790 76 0.35
3865 76 0.35
3768 76 0.35
3219 76 0.35
4779 76 0.35
5631 76 0.35
4011 76 0.35
5140 76 0.35
1429 75 0.346
6494 75 0.346
2653 75 0.346
6661 75 0.346
2830 75 0.346
1460 75 0.346
4358 75 0.346
391 75 0.346
3879 75 0.346
1472 75 0.346
1893 75 0.346
4215 75 0.346
5208 75 0.346
7363 75 0.346
5673 75 0.346
2684 75 0.346
2918 75 0.346
4919 75 0.346
917 75 0.346
4891 75 0.346
2019 75 0.346
4624 75 0.346
5887 75 0.346
3213 75 0.346
3555 75 0.346
2572 74 0.341
6188 74 0.341
4971 74 0.341
6257 74 0.341
3230 74 0.341
1506 74 0.341
4763 74 0.341
1968 74 0.341
5810 74 0.341
6302 74 0.341
3378 74 0.341
2460 74 0.341
6294 74 0.341
918 74 0.341
2809 74 0.341
3567 74 0.341
6741 74 0.341
1063 74 0.341
6920 74 0.341
4882 74 0.341
358 74 0.341
5858 74 0.341
6640 73 0.336
3169 73 0.336
2423 73 0.336
309 73 0.336
1450 73 0.336
2703 73 0.336
1425 73 0.336
3113 73 0.336
1966 73 0.336
5234 73 0.336
6264 73 0.336
6181 73 0.336
6747 73 0.336
1690 73 0.336
3420 73 0.336
1937 73 0.336
1122 73 0.336
1816 73 0.336
3689 73 0.336
2769 73 0.336
6935 73 0.336
77 73 0.336
7354 73 0.336
2121 73 0.336
7269 73 0.336
5624 73 0.336
1637 72 0.332
5703 72 0.332
3666 72 0.332
4785 72 0.332
1462 72 0.332
3385 72 0.332
7189 72 0.332
614 72 0.332
6914 72 0.332
3644 72 0.332
6521 72 0.332
4654 72 0.332
1018 72 0.332
7048 72 0.332
2773 72 0.332
3926 72 0.332
5551 72 0.332
5179 71 0.327
1697 71 0.327
214 71 0.327
2485 71 0.327
6725 71 0.327
880 71 0.327
3240 71 0.327
4576 71 0.327
4807 71 0.327
4252 71 0.327
151 71 0.327
5504 71 0.327
3004 71 0.327
4905 71 0.327
6958 71 0.327
1947 71 0.327
5009 71 0.327
2587 71 0.327
2175 71 0.327
3095 71 0.327
1730 71 0.327
3333 70 0.323
2362 70 0.323
1021 70 0.323
118 70 0.323
2052 70 0.323
4337 70 0.323
3185 70 0.323
681 70 0.323
2520 70 0.323
7022 70 0.323
2489 70 0.323
6054 70 0.323
5687 70 0.323
6792 70 0.323
7099 70 0.323
2908 70 0.323
7118 70 0.323
1592 70 0.323
2994 70 0.323
1924 70 0.323
1802 70 0.323
3679 70 0.323
1613 70 0.323
5635 70 0.323
7016 69 0.318
2006 69 0.318
673 69 0.318
7092 69 0.318
150 69 0.318
6809 69 0.318
893 69 0.318
3358 69 0.318
4906 69 0.318
2950 69 0.318
2340 69 0.318
583 69 0.318
5127 69 0.318
1776 69 0.318
6854 69 0.318
2870 69 0.318
5591 69 0.318
5476 69 0.318
1664 69 0.318
4776 69 0.318
6289 69 0.318
7148 69 0.318
7153 69 0.318
6061 69 0.318
7212 69 0.318
5896 69 0.318
4150 69 0.318
2448 69 0.318
695 68 0.313
2806 68 0.313
6718 68 0.313
5212 68 0.313
6309 68 0.313
4546 68 0.313
5395 68 0.313
2873 68 0.313
3671 68 0.313
2714 68 0.313
7380 68 0.313
2349 68 0.313
3868 68 0.313
5932 68 0.313
7296 68 0.313
3138 68 0.313
1265 68 0.313
2122 68 0.313
47 68 0.313
5639 68 0.313
5301 68 0.313
6078 68 0.313
4538 67 0.309
5087 67 0.309
1194 67 0.309
3771 67 0.309
746 67 0.309
2355 67 0.309
6566 67 0.309
39 67 0.309
285 67 0.309
1343 67 0.309
967 67 0.309
4850 67 0.309
638 67 0.309
2308 67 0.309
3547 67 0.309
4993 67 0.309
865 67 0.309
4621 67 0.309
6869 67 0.309
6433 67 0.309
6340 67 0.309
5205 67 0.309
3098 67 0.309
816 67 0.309
5387 67 0.309
1636 67 0.309
1288 67 0.309
5143 67 0.309
3475 67 0.309
2160 67 0.309
163 67 0.309
3972 67 0.309
2875 67 0.309
6902 67 0.309
3898 66 0.304
6838 66 0.304
3174 66 0.304
1190 66 0.304
7047 66 0.304
3606 66 0.304
6320 66 0.304
756 66 0.304
997 66 0.304
3579 66 0.304
7227 66 0.304
3396 66 0.304
5089 66 0.304
6659 66 0.304
2476 66 0.304
4455 66 0.304
3739 66 0.304
5614 66 0.304
4319 66 0.304
5875 66 0.304
6844 66 0.304
42 66 0.304
4812 66 0.304
2627 66 0.304
802 66 0.304
4462 66 0.304
5357 66 0.304
5385 66 0.304
3931 66 0.304
245 65 0.3
5823 65 0.3
7224 65 0.3
2995 65 0.3
5529 65 0.3
6769 65 0.3
3109 65 0.3
3699 65 0.3
4924 65 0.3
5428 65 0.3
4609 65 0.3
5186 65 0.3
2798 65 0.3
1284 65 0.3
4114 65 0.3
4593 65 0.3
1627 65 0.3
1996 65 0.3
1173 65 0.3
4827 65 0.3
6220 65 0.3
909 65 0.3
611 65 0.3
3971 65 0.3
114 65 0.3
1940 65 0.3
3082 65 0.3
2161 65 0.3
3991 65 0.3
4433 64 0.295
2099 64 0.295
4579 64 0.295
2720 64 0.295
4804 64 0.295
3923 64 0.295
2499 64 0.295
542 64 0.295
6382 64 0.295
3067 64 0.295
6161 64 0.295
3309 64 0.295
3228 64 0.295
7351 64 0.295
1992 64 0.295
4261 64 0.295
1370 64 0.295
2403 64 0.295
1880 64 0.295
7249 64 0.295
345 64 0.295
2002 64 0.295
620 64 0.295
1908 64 0.295
667 64 0.295
5629 64 0.295
3306 64 0.295
3657 64 0.295
4635 64 0.295
1201 63 0.29
3413 63 0.29
6503 63 0.29
6400 63 0.29
5565 63 0.29
6207 63 0.29
2110 63 0.29
6007 63 0.29
4421 63 0.29
7021 63 0.29
3263 63 0.29
5615 63 0.29
5488 63 0.29
3445 63 0.29
2064 63 0.29
954 63 0.29
1914 63 0.29
4846 63 0.29
5273 63 0.29
7199 63 0.29
104 63 0.29
3977 63 0.29
2183 63 0.29
932 63 0.29
1486 62 0.286
237 62 0.286
7105 62 0.286
1698 62 0.286
6810 62 0.286
293 62 0.286
6052 62 0.286
6310 62 0.286
2800 62 0.286
5479 62 0.286
4192 62 0.286
6604 62 0.286
3480 62 0.286
156 62 0.286
526 62 0.286
80 62 0.286
7031 62 0.286
5197 62 0.286
3001 62 0.286
99 62 0.286
2643 62 0.286
7107 62 0.286
6246 62 0.286
3987 62 0.286
6848 62 0.286
6928 62 0.286
3052 61 0.281
2031 61 0.281
1542 61 0.281
1448 61 0.281
5170 61 0.281
759 61 0.281
2524 61 0.281
838 61 0.281
5439 61 0.281
3441 61 0.281
659 61 0.281
4736 61 0.281
6445 61 0.281
1804 61 0.281
4311 61 0.281
1933 61 0.281
4552 61 0.281
6106 61 0.281
3975 61 0.281
3330 61 0.281
7371 61 0.281
6090 61 0.281
1503 61 0.281
4269 61 0.281
2467 61 0.281
4042 61 0.281
2176 61 0.281
1708 60 0.277
6130 60 0.277
538 60 0.277
4844 60 0.277
2208 60 0.277
3310 60 0.277
3950 60 0.277
1961 60 0.277
1046 60 0.277
5661 60 0.277
780 60 0.277
2717 60 0.277
3903 60 0.277
2964 60 0.277
862 60 0.277
3810 60 0.277
1803 60 0.277
4179 60 0.277
4990 60 0.277
6177 60 0.277
3553 60 0.277
5894 60 0.277
6219 59 0.272
7143 59 0.272
6332 59 0.272
3170 59 0.272
1453 59 0.272
3022 59 0.272
1743 59 0.272
6178 59 0.272
190 59 0.272
4119 59 0.272
6738 59 0.272
5587 59 0.272
211 59 0.272
2616 59 0.272
3271 59 0.272
2556 59 0.272
3159 59 0.272
795 59 0.272
3470 59 0.272
805 59 0.272
3036 59 0.272
1901 59 0.272
6180 59 0.272
6759 59 0.272
63 59 0.272
3581 59 0.272
4033 59 0.272
2159 59 0.272
4648 59 0.272
3893 59 0.272
4146 58 0.267
3561 58 0.267
2808 58 0.267
5176 58 0.267
1782 58 0.267
7187 58 0.267
2651 58 0.267
2975 58 0.267
1351 58 0.267
1384 58 0.267
2797 58 0.267
2516 58 0.267
821 58 0.267
6216 58 0.267
5180 58 0.267
809 58 0.267
776 58 0.267
4989 58 0.267
3597 58 0.267
1156 58 0.267
1809 58 0.267
4273 58 0.267
936 58 0.267
2658 58 0.267
2378 58 0.267
3387 58 0.267
4982 58 0.267
6750 58 0.267
6345 58 0.267
1440 58 0.267
6846 58 0.267
868 58 0.267
1399 58 0.267
3629 58 0.267
4037 58 0.267
3932 58 0.267
2257 58 0.267
2734 58 0.267
3017 57 0.263
3698 57 0.263
1320 57 0.263
5840 57 0.263
5368 57 0.263
3018 57 0.263
2894 57 0.263
6752 57 0.263
3258 57 0.263
6485 57 0.263
728 57 0.263
3382 57 0.263
4413 57 0.263
959 57 0.263
48 57 0.263
4203 57 0.263
3247 57 0.263
5020 57 0.263
1244 57 0.263
6478 57 0.263
3821 57 0.263
317 57 0.263
6886 57 0.263
7234 57 0.263
988 57 0.263
2678 57 0.263
5336 57 0.263
6645 57 0.263
7244 57 0.263
1511 57 0.263
3220 57 0.263
6468 57 0.263
3961 57 0.263
1311 57 0.263
5850 57 0.263
173 57 0.263
2144 57 0.263
5868 57 0.263
2784 56 0.258
1346 56 0.258
6787 56 0.258
3808 56 0.258
3414 56 0.258
4623 56 0.258
3241 56 0.258
6770 56 0.258
1533 56 0.258
4405 56 0.258
6252 56 0.258
5808 56 0.258
6322 56 0.258
6072 56 0.258
5620 56 0.258
4749 56 0.258
7033 56 0.258
716 56 0.258
3886 56 0.258
843 56 0.258
6876 56 0.258
7058 56 0.258
1339 56 0.258
1630 56 0.258
2701 56 0.258
7125 56 0.258
4780 56 0.258
3505 56 0.258
897 56 0.258
5025 56 0.258
366 56 0.258
2794 55 0.254
6586 55 0.254
5761 55 0.254
6438 55 0.254
2709 55 0.254
3765 55 0.254
4937 55 0.254
1114 55 0.254
1549 55 0.254
1207 55 0.254
1561 55 0.254
2631 55 0.254
4309 55 0.254
2860 55 0.254
3206 55 0.254
3982 55 0.254
417 55 0.254
5510 55 0.254
2408 55 0.254
2357 55 0.254
558 55 0.254
1299 55 0.254
6464 55 0.254
2074 55 0.254
1331 54 0.249
1358 54 0.249
4764 54 0.249
914 54 0.249
1746 54 0.249
3054 54 0.249
1131 54 0.249
1180 54 0.249
5594 54 0.249
2614 54 0.249
6123 54 0.249
2068 54 0.249
6167 54 0.249
6333 54 0.249
4607 54 0.249
6091 54 0.249
6227 54 0.249
5379 54 0.249
2632 54 0.249
5023 54 0.249
2814 54 0.249
3487 54 0.249
6501 54 0.249
4941 54 0.249
4520 54 0.249
4965 54 0.249
6198 54 0.249
5630 54 0.249
860 54 0.249
6803 54 0.249
5152 54 0.249
7378 53 0.244
1128 53 0.244
7129 53 0.244
2383 53 0.244
74 53 0.244
1101 53 0.244
1232 53 0.244
2731 53 0.244
1361 53 0.244
2796 53 0.244
3806 53 0.244
6253 53 0.244
2728 53 0.244
4973 53 0.244
953 53 0.244
29 53 0.244
2080 53 0.244
265 53 0.244
5300 53 0.244
5792 53 0.244
7133 53 0.244
3116 53 0.244
6988 53 0.244
1368 53 0.244
5187 53 0.244
6887 53 0.244
1581 53 0.244
7281 53 0.244
3532 53 0.244
657 53 0.244
1034 52 0.24
3239 52 0.24
6053 52 0.24
6589 52 0.24
4573 52 0.24
1960 52 0.24
4279 52 0.24
4475 52 0.24
4200 52 0.24
6684 52 0.24
290 52 0.24
6259 52 0.24
4568 52 0.24
935 52 0.24
505 52 0.24
5285 52 0.24
6633 52 0.24
6218 52 0.24
6399 52 0.24
7254 52 0.24
6862 52 0.24
3008 52 0.24
3485 52 0.24
6517 52 0.24
6459 52 0.24
5382 52 0.24
6847 52 0.24
162 52 0.24
4316 52 0.24
2839 52 0.24
6921 52 0.24
4063 52 0.24
2733 52 0.24
3232 51 0.235
3252 51 0.235
2849 51 0.235
6437 51 0.235
735 51 0.235
6965 51 0.235
6192 51 0.235
1045 51 0.235
1285 51 0.235
1551 51 0.235
5449 51 0.235
7343 51 0.235
4260 51 0.235
288 51 0.235
3643 51 0.235
1916 51 0.235
5527 51 0.235
1571 51 0.235
1332 51 0.235
3474 51 0.235
4353 51 0.235
2075 51 0.235
5934 51 0.235
3231 50 0.23
4191 50 0.23
5789 50 0.23
1279 50 0.23
4752 50 0.23
4791 50 0.23
6960 50 0.23
3407 50 0.23
4563 50 0.23
2443 50 0.23
6675 50 0.23
4820 50 0.23
1550 50 0.23
7181 50 0.23
1692 50 0.23
2899 50 0.23
4527 50 0.23
3106 50 0.23
3158 50 0.23
1733 50 0.23
7350 50 0.23
5826 50 0.23
3625 49 0.226
2933 49 0.226
2577 49 0.226
4204 49 0.226
1417 49 0.226
3920 49 0.226
6737 49 0.226
3168 49 0.226
4741 49 0.226
7172 49 0.226
3910 49 0.226
6680 49 0.226
796 49 0.226
2729 49 0.226
1338 49 0.226
3276 49 0.226
7077 49 0.226
4398 49 0.226
5975 49 0.226
1769 49 0.226
1301 49 0.226
1290 49 0.226
7230 49 0.226
3622 49 0.226
5708 49 0.226
5026 49 0.226
3536 49 0.226
5821 49 0.226
2876 49 0.226
5659 49 0.226
365 49 0.226
2958 48 0.221
6989 48 0.221
6117 48 0.221
2356 48 0.221
5801 48 0.221
3700 48 0.221
2337 48 0.221
4575 48 0.221
727 48 0.221
65 48 0.221
1084 48 0.221
7340 48 0.221
5665 48 0.221
5471 48 0.221
3479 48 0.221
6092 48 0.221
5616 48 0.221
1724 48 0.221
1870 48 0.221
3878 48 0.221
5311 48 0.221
4832 48 0.221
183 48 0.221
7083 48 0.221
879 48 0.221
7251 48 0.221
5782 48 0.221
3882 48 0.221
4153 48 0.221
6527 48 0.221
2190 48 0.221
5412 48 0.221
5636 48 0.221
3875 48 0.221
5882 48 0.221
306 48 0.221
2179 48 0.221
3911 47 0.217
5390 47 0.217
1242 47 0.217
5727 47 0.217
1972 47 0.217
7349 47 0.217
4498 47 0.217
1886 47 0.217
3151 47 0.217
2554 47 0.217
6883 47 0.217
7056 47 0.217
5694 47 0.217
588 47 0.217
6139 47 0.217
6398 47 0.217
2646 47 0.217
739 47 0.217
4378 47 0.217
1547 47 0.217
1379 47 0.217
4451 47 0.217
3904 47 0.217
2927 47 0.217
793 47 0.217
5637 47 0.217
1846 47 0.217
379 47 0.217
2193 47 0.217
2602 47 0.217
6660 47 0.217
3149 47 0.217
2716 47 0.217
4964 47 0.217
425 47 0.217
6708 47 0.217
2508 46 0.212
3602 46 0.212
648 46 0.212
2207 46 0.212
1140 46 0.212
5245 46 0.212
4613 46 0.212
6639 46 0.212
6394 46 0.212
7307 46 0.212
2407 46 0.212
1752 46 0.212
4849 46 0.212
7106 46 0.212
4247 46 0.212
1026 46 0.212
5003 46 0.212
2925 46 0.212
6486 46 0.212
5086 46 0.212
4954 46 0.212
6594 46 0.212
2395 46 0.212
7082 46 0.212
2857 46 0.212
5257 46 0.212
5606 46 0.212
6156 46 0.212
3752 46 0.212
4875 46 0.212
6016 46 0.212
3096 46 0.212
1537 46 0.212
5316 46 0.212
3550 46 0.212
6518 46 0.212
4841 46 0.212
2172 46 0.212
5974 46 0.212
4314 46 0.212
5861 46 0.212
855 46 0.212
3187 46 0.212
866 45 0.207
3234 45 0.207
7332 45 0.207
3578 45 0.207
1365 45 0.207
3160 45 0.207
7053 45 0.207
1695 45 0.207
599 45 0.207
2386 45 0.207
4221 45 0.207
6354 45 0.207
811 45 0.207
5468 45 0.207
5791 45 0.207
656 45 0.207
4725 45 0.207
2481 45 0.207
148 45 0.207
2139 45 0.207
4880 45 0.207
1508 45 0.207
4886 45 0.207
5055 45 0.207
4038 45 0.207
3979 45 0.207
5521 45 0.207
3796 45 0.207
1796 44 0.203
3248 44 0.203
4194 44 0.203
6132 44 0.203
1033 44 0.203
1998 44 0.203
2536 44 0.203
1146 44 0.203
1682 44 0.203
6950 44 0.203
5417 44 0.203
1354 44 0.203
6406 44 0.203
966 44 0.203
2069 44 0.203
4881 44 0.203
2583 44 0.203
7386 44 0.203
5007 44 0.203
30 44 0.203
5096 44 0.203
2683 44 0.203
1342 44 0.203
1519 44 0.203
6488 44 0.203
86 44 0.203
5051 44 0.203
5739 44 0.203
3146 44 0.203
2661 44 0.203
4415 44 0.203
596 44 0.203
3949 44 0.203
254 44 0.203
1061 44 0.203
3369 44 0.203
2904 44 0.203
5889 44 0.203
2180 44 0.203
450 44 0.203
2926 44 0.203
3733 44 0.203
6425 44 0.203
1373 43 0.198
7140 43 0.198
4768 43 0.198
1109 43 0.198
957 43 0.198
5150 43 0.198
4857 43 0.198
2360 43 0.198
7325 43 0.198
6191 43 0.198
2682 43 0.198
3404 43 0.198
3290 43 0.198
1488 43 0.198
6975 43 0.198
5440 43 0.198
4926 43 0.198
736 43 0.198
4430 43 0.198
4544 43 0.198
7151 43 0.198
5755 43 0.198
1196 43 0.198
454 43 0.198
6500 43 0.198
4530 43 0.198
564 43 0.198
6734 43 0.198
2763 43 0.198
7123 43 0.198
4154 43 0.198
1699 43 0.198
160 43 0.198
1811 43 0.198
4531 43 0.198
4349 43 0.198
2269 43 0.198
2177 43 0.198
5027 43 0.198
342 43 0.198
5048 43 0.198
3208 43 0.198
271 42 0.194
6417 42 0.194
1576 42 0.194
2803 42 0.194
4382 42 0.194
5005 42 0.194
6058 42 0.194
2884 42 0.194
1077 42 0.194
1963 42 0.194
715 42 0.194
4739 42 0.194
3499 42 0.194
960 42 0.194
3907 42 0.194
1150 42 0.194
3040 42 0.194
5648 42 0.194
4562 42 0.194
5491 42 0.194
5370 42 0.194
2558 42 0.194
896 42 0.194
7027 42 0.194
5525 42 0.194
4211 42 0.194
530 42 0.194
308 42 0.194
6978 42 0.194
708 42 0.194
5153 42 0.194
7369 42 0.194
4027 42 0.194
5315 42 0.194
1729 42 0.194
852 42 0.194
2446 41 0.189
3929 41 0.189
4180 41 0.189
3502 41 0.189
1071 41 0.189
280 41 0.189
3235 41 0.189
6254 41 0.189
3909 41 0.189
2527 41 0.189
3568 41 0.189
6028 41 0.189
4292 41 0.189
7226 41 0.189
4183 41 0.189
2320 41 0.189
4459 41 0.189
3607 41 0.189
5608 41 0.189
7360 41 0.189
36 41 0.189
2638 41 0.189
883 41 0.189
2471 41 0.189
230 41 0.189
3925 41 0.189
2613 41 0.189
5943 41 0.189
404 41 0.189
3783 41 0.189
2495 41 0.189
1151 41 0.189
4147 41 0.189
5458 40 0.184
3573 40 0.184
1336 40 0.184
3127 40 0.184
2840 40 0.184
6145 40 0.184
3201 40 0.184
54 40 0.184
5475 40 0.184
5254 40 0.184
730 40 0.184
1160 40 0.184
940 40 0.184
1566 40 0.184
6339 40 0.184
4824 40 0.184
4041 40 0.184
3825 40 0.184
1070 40 0.184
3329 40 0.184
3363 40 0.184
194 40 0.184
4643 40 0.184
1491 40 0.184
4720 40 0.184
4107 40 0.184
7190 40 0.184
2655 40 0.184
6471 40 0.184
4590 40 0.184
2335 40 0.184
2124 40 0.184
323 40 0.184
6036 40 0.184
5144 39 0.18
1219 39 0.18
6498 39 0.18
6816 39 0.18
2905 39 0.18
647 39 0.18
6284 39 0.18
6997 39 0.18
124 39 0.18
6414 39 0.18
3864 39 0.18
4485 39 0.18
3665 39 0.18
3609 39 0.18
3432 39 0.18
2998 39 0.18
1853 39 0.18
589 39 0.18
2700 39 0.18
986 39 0.18
5571 39 0.18
1555 39 0.18
5987 39 0.18
6401 39 0.18
2722 39 0.18
2084 39 0.18
1529 39 0.18
806 39 0.18
6381 39 0.18
7233 39 0.18
4821 39 0.18
934 39 0.18
4461 39 0.18
4036 39 0.18
5985 39 0.18
1169 39 0.18
2390 39 0.18
5117 39 0.18
4009 39 0.18
5044 39 0.18
6966 38 0.175
6714 38 0.175
2861 38 0.175
5115 38 0.175
3233 38 0.175
3362 38 0.175
4391 38 0.175
3319 38 0.175
6491 38 0.175
2001 38 0.175
7197 38 0.175
1862 38 0.175
1798 38 0.175
1013 38 0.175
294 38 0.175
3332 38 0.175
5030 38 0.175
1381 38 0.175
5538 38 0.175
5601 38 0.175
6370 38 0.175
6864 38 0.175
1350 38 0.175
3301 38 0.175
7210 38 0.175
7216 38 0.175
5924 38 0.175
383 38 0.175
5944 38 0.175
6395 38 0.175
5022 38 0.175
4903 38 0.175
2612 38 0.175
4748 38 0.175
6976 38 0.175
7291 38 0.175
3663 38 0.175
783 38 0.175
2621 38 0.175
2400 38 0.175
1325 38 0.175
6827 38 0.175
4829 38 0.175
6048 38 0.175
5512 37 0.171
3515 37 0.171
6343 37 0.171
2677 37 0.171
7330 37 0.171
6411 37 0.171
7080 37 0.171
3576 37 0.171
2575 37 0.171
6874 37 0.171
2412 37 0.171
5072 37 0.171
6215 37 0.171
2990 37 0.171
2735 37 0.171
1282 37 0.171
1867 37 0.171
5638 37 0.171
6603 37 0.171
374 37 0.171
5885 37 0.171
6415 37 0.171
6856 37 0.171
2569 37 0.171
1049 37 0.171
7374 37 0.171
5283 37 0.171
3315 37 0.171
6030 37 0.171
4315 37 0.171
50 37 0.171
1574 37 0.171
2186 37 0.171
4856 37 0.171
5328 37 0.171
3614 36 0.166
2599 36 0.166
3403 36 0.166
1345 36 0.166
2562 36 0.166
680 36 0.166
7026 36 0.166
3562 36 0.166
2713 36 0.166
4847 36 0.166
2756 36 0.166
4708 36 0.166
709 36 0.166
5105 36 0.166
5371 36 0.166
5190 36 0.166
6534 36 0.166
6575 36 0.166
19 36 0.166
116 36 0.166
6055 36 0.166
6891 36 0.166
3419 36 0.166
5146 36 0.166
1921 36 0.166
3302 36 0.166
4145 36 0.166
6194 36 0.166
3049 36 0.166
758 36 0.166
7229 36 0.166
5805 36 0.166
6625 36 0.166
3528 36 0.166
7280 36 0.166
2789 36 0.166
2915 36 0.166
6977 36 0.166
3507 36 0.166
4723 36 0.166
3379 36 0.166
3957 36 0.166
6363 36 0.166
4013 36 0.166
6930 36 0.166
1168 36 0.166
4535 35 0.161
4400 35 0.161
6150 35 0.161
1203 35 0.161
5513 35 0.161
4408 35 0.161
3684 35 0.161
3237 35 0.161
7131 35 0.161
4781 35 0.161
3331 35 0.161
5364 35 0.161
2890 35 0.161
5553 35 0.161
6458 35 0.161
4397 35 0.161
3670 35 0.161
5546 35 0.161
2620 35 0.161
2601 35 0.161
7097 35 0.161
3272 35 0.161
825 35 0.161
4952 35 0.161
3115 35 0.161
4148 35 0.161
1315 35 0.161
2584 35 0.161
7265 35 0.161
5018 35 0.161
1617 35 0.161
3153 35 0.161
4758 35 0.161
2072 35 0.161
6590 35 0.161
3564 35 0.161
1567 35 0.161
2167 35 0.161
3741 35 0.161
581 35 0.161
298 35 0.161
3348 35 0.161
827 35 0.161
931 35 0.161
1568 34 0.157
2615 34 0.157
6418 34 0.157
2565 34 0.157
1767 34 0.157
4651 34 0.157
299 34 0.157
2581 34 0.157
4330 34 0.157
4676 34 0.157
4765 34 0.157
4238 34 0.157
562 34 0.157
6087 34 0.157
4375 34 0.157
2956 34 0.157
7228 34 0.157
5463 34 0.157
6347 34 0.157
325 34 0.157
6454 34 0.157
6926 34 0.157
5355 34 0.157
517 34 0.157
2470 34 0.157
4135 34 0.157
3152 34 0.157
5515 34 0.157
3365 34 0.157
5572 34 0.157
905 34 0.157
5917 34 0.157
1074 34 0.157
1499 34 0.157
2664 34 0.157
262 34 0.157
1126 33 0.152
2902 33 0.152
6311 33 0.152
2863 33 0.152
5211 33 0.152
895 33 0.152
5142 33 0.152
650 33 0.152
1247 33 0.152
7266 33 0.152
6107 33 0.152
2937 33 0.152
1025 33 0.152
1620 33 0.152
1112 33 0.152
729 33 0.152
31 33 0.152
4123 33 0.152
1778 33 0.152
2545 33 0.152
4976 33 0.152
4647 33 0.152
6487 33 0.152
7180 33 0.152
7160 33 0.152
5989 33 0.152
3133 33 0.152
1520 33 0.152
4205 33 0.152
2100 33 0.152
7209 33 0.152
5221 33 0.152
247 33 0.152
4967 33 0.152
7087 33 0.152
3965 33 0.152
2474 33 0.152
5017 33 0.152
2768 33 0.152
4307 33 0.152
4087 33 0.152
5101 33 0.152
336 33 0.152
2930 33 0.152
1176 32 0.147
7328 32 0.147
6648 32 0.147
6402 32 0.147
2842 32 0.147
6146 32 0.147
5555 32 0.147
3171 32 0.147
2336 32 0.147
4134 32 0.147
6270 32 0.147
4441 32 0.147
5436 32 0.147
3136 32 0.147
6784 32 0.147
7116 32 0.147
2385 32 0.147
4281 32 0.147
6330 32 0.147
4112 32 0.147
4532 32 0.147
4796 32 0.147
6419 32 0.147
5496 32 0.147
6774 32 0.147
834 32 0.147
1117 32 0.147
5911 32 0.147
35 32 0.147
3710 32 0.147
2358 32 0.147
5441 32 0.147
2401 32 0.147
6229 32 0.147
7364 32 0.147
6175 32 0.147
6736 32 0.147
7231 32 0.147
527 32 0.147
7045 32 0.147
2697 32 0.147
6909 32 0.147
7179 32 0.147
3610 32 0.147
447 32 0.147
4872 32 0.147
4008 32 0.147
578 32 0.147
4639 32 0.147
398 32 0.147
1837 32 0.147
3954 32 0.147
4622 31 0.143
6502 31 0.143
2807 31 0.143
1149 31 0.143
3019 31 0.143
2727 31 0.143
4999 31 0.143
3288 31 0.143
4504 31 0.143
279 31 0.143
4122 31 0.143
694 31 0.143
3914 31 0.143
7353 31 0.143
2831 31 0.143
246 31 0.143
1686 31 0.143
551 31 0.143
4884 31 0.143
892 31 0.143
5397 31 0.143
3668 31 0.143
1104 31 0.143
6623 31 0.143
4091 31 0.143
1327 31 0.143
324 31 0.143
1208 31 0.143
1621 31 0.143
5485 31 0.143
6814 31 0.143
2206 31 0.143
3166 31 0.143
4738 31 0.143
6558 31 0.143
4869 31 0.143
2656 31 0.143
4136 31 0.143
6361 31 0.143
2777 31 0.143
2188 31 0.143
2747 31 0.143
2959 30 0.138
826 30 0.138
6688 30 0.138
3144 30 0.138
5112 30 0.138
3612 30 0.138
2804 30 0.138
3675 30 0.138
2871 30 0.138
2 30 0.138
1615 30 0.138
5107 30 0.138
5224 30 0.138
5394 30 0.138
5740 30 0.138
3500 30 0.138
1929 30 0.138
1827 30 0.138
3662 30 0.138
4533 30 0.138
2102 30 0.138
4890 30 0.138
2101 30 0.138
6384 30 0.138
4223 30 0.138
6112 30 0.138
4650 30 0.138
1278 30 0.138
2841 30 0.138
3651 30 0.138
4864 30 0.138
5392 30 0.138
2642 30 0.138
1163 30 0.138
6829 30 0.138
4992 30 0.138
427 30 0.138
4078 30 0.138
3938 30 0.138
4586 30 0.138
3204 30 0.138
4672 29 0.134
4439 29 0.134
3294 29 0.134
21 29 0.134
1001 29 0.134
5446 29 0.134
334 29 0.134
875 29 0.134
6199 29 0.134
2748 29 0.134
890 29 0.134
6018 29 0.134
7358 29 0.134
6884 29 0.134
848 29 0.134
3161 29 0.134
2961 29 0.134
4641 29 0.134
7357 29 0.134
1643 29 0.134
1458 29 0.134
5540 29 0.134
4626 29 0.134
5933 29 0.134
4217 29 0.134
1237 29 0.134
3289 29 0.134
4322 29 0.134
4331 29 0.134
5263 29 0.134
3912 29 0.134
4724 29 0.134
2557 29 0.134
384 29 0.134
3988 29 0.134
3422 29 0.134
1839 29 0.134
7376 29 0.134
600 29 0.134
6102 29 0.134
5462 29 0.134
4327 29 0.134
5041 29 0.134
41 28 0.129
6318 28 0.129
863 28 0.129
732 28 0.129
5305 28 0.129
3457 28 0.129
2085 28 0.129
3580 28 0.129
3484 28 0.129
6050 28 0.129
5321 28 0.129
1945 28 0.129
7074 28 0.129
512 28 0.129
6457 28 0.129
2928 28 0.129
5215 28 0.129
5312 28 0.129
6704 28 0.129
6574 28 0.129
4583 28 0.129
6620 28 0.129
3762 28 0.129
2111 28 0.129
4894 28 0.129
3101 28 0.129
4343 28 0.129
2394 28 0.129
886 28 0.129
7093 28 0.129
7060 28 0.129
1684 28 0.129
6806 28 0.129
5278 28 0.129
3359 28 0.129
1909 28 0.129
6528 28 0.129
4865 28 0.129
4079 28 0.129
1691 28 0.129
107 28 0.129
3754 28 0.129
1814 27 0.124
1044 27 0.124
40 27 0.124
1141 27 0.124
7030 27 0.124
691 27 0.124
6038 27 0.124
1010 27 0.124
4360 27 0.124
4887 27 0.124
2341 27 0.124
7154 27 0.124
6443 27 0.124
2674 27 0.124
5456 27 0.124
5214 27 0.124
4580 27 0.124
1857 27 0.124
5349 27 0.124
798 27 0.124
330 27 0.124
3717 27 0.124
5910 27 0.124
5573 27 0.124
4454 27 0.124
1230 27 0.124
6554 27 0.124
5473 27 0.124
2364 27 0.124
1872 27 0.124
2920 27 0.124
969 27 0.124
3913 27 0.124
5765 27 0.124
662 27 0.124
7284 27 0.124
3677 27 0.124
405 27 0.124
5100 27 0.124
7239 27 0.124
6940 27 0.124
2265 27 0.124
4589 27 0.124
6376 27 0.124
2107 26 0.12
3033 26 0.12
4733 26 0.12
7024 26 0.12
5711 26 0.12
2391 26 0.12
2633 26 0.12
572 26 0.12
4774 26 0.12
6071 26 0.12
7345 26 0.12
6646 26 0.12
4710 26 0.12
1210 26 0.12
6040 26 0.12
2817 26 0.12
5524 26 0.12
4719 26 0.12
4297 26 0.12
2936 26 0.12
5079 26 0.12
570 26 0.12
1364 26 0.12
1577 26 0.12
4789 26 0.12
2854 26 0.12
688 26 0.12
723 26 0.12
846 26 0.12
1095 26 0.12
923 26 0.12
6545 26 0.12
2594 26 0.12
1753 26 0.12
5834 26 0.12
3411 26 0.12
6897 26 0.12
1838 26 0.12
3715 26 0.12
5206 26 0.12
444 26 0.12
3097 26 0.12
6593 26 0.12
3203 26 0.12
1722 26 0.12
2165 26 0.12
930 26 0.12
6999 25 0.115
2451 25 0.115
5843 25 0.115
5 25 0.115
5531 25 0.115
3345 25 0.115
4980 25 0.115
3450 25 0.115
1869 25 0.115
1446 25 0.115
5509 25 0.115
2334 25 0.115
2305 25 0.115
2511 25 0.115
5798 25 0.115
2779 25 0.115
5391 25 0.115
652 25 0.115
5883 25 0.115
3582 25 0.115
1088 25 0.115
965 25 0.115
6436 25 0.115
515 25 0.115
6082 25 0.115
1616 25 0.115
2848 25 0.115
3966 25 0.115
5469 25 0.115
5835 25 0.115
4294 25 0.115
1241 25 0.115
2466 25 0.115
4168 25 0.115
3815 25 0.115
5774 25 0.115
1642 25 0.115
3866 25 0.115
3986 25 0.115
3291 24 0.111
871 24 0.111
1427 24 0.111
6355 24 0.111
3293 24 0.111
4240 24 0.111
3099 24 0.111
3139 24 0.111
6496 24 0.111
4341 24 0.111
2332 24 0.111
955 24 0.111
5545 24 0.111
5429 24 0.111
6627 24 0.111
3707 24 0.111
3443 24 0.111
20 24 0.111
3 24 0.111
6743 24 0.111
1528 24 0.111
4767 24 0.111
1623 24 0.111
5178 24 0.111
5202 24 0.111
6785 24 0.111
1875 24 0.111
4652 24 0.111
7155 24 0.111
4718 24 0.111
2279 24 0.111
3409 24 0.111
3145 24 0.111
4543 24 0.111
2598 24 0.111
4601 24 0.111
1813 24 0.111
6245 24 0.111
4291 24 0.111
2783 24 0.111
6152 24 0.111
6157 24 0.111
3608 24 0.111
3195 24 0.111
5712 24 0.111
6093 24 0.111
3652 24 0.111
5447 24 0.111
4133 24 0.111
1694 24 0.111
392 24 0.111
1066 24 0.111
3353 24 0.111
5353 24 0.111
7198 24 0.111
3853 24 0.111
3028 24 0.111
945 24 0.111
5583 24 0.111
3299 24 0.111
5942 24 0.111
946 24 0.111
2103 24 0.111
4020 24 0.111
4024 24 0.111
2126 24 0.111
3317 24 0.111
1607 24 0.111
127 24 0.111
5655 24 0.111
2306 24 0.111
763 23 0.106
2413 23 0.106
2469 23 0.106
6773 23 0.106
394 23 0.106
645 23 0.106
693 23 0.106
1565 23 0.106
741 23 0.106
5741 23 0.106
4744 23 0.106
6369 23 0.106
1578 23 0.106
1055 23 0.106
4169 23 0.106
1944 23 0.106
5291 23 0.106
5796 23 0.106
7157 23 0.106
814 23 0.106
6602 23 0.106
6066 23 0.106
5797 23 0.106
432 23 0.106
3463 23 0.106
4883 23 0.106
7366 23 0.106
1302 23 0.106
1787 23 0.106
3193 23 0.106
6907 23 0.106
1828 23 0.106
4149 23 0.106
926 23 0.106
4861 23 0.106
822 23 0.106
4184 23 0.106
1845 23 0.106
1558 23 0.106
5800 23 0.106
4602 23 0.106
266 23 0.106
6326 23 0.106
2313 23 0.106
2243 23 0.106
1023 23 0.106
4582 23 0.106
2347 23 0.106
354 23 0.106
4208 22 0.101
2755 22 0.101
4852 22 0.101
328 22 0.101
993 22 0.101
894 22 0.101
3534 22 0.101
5534 22 0.101
3656 22 0.101
5906 22 0.101
4386 22 0.101
6746 22 0.101
1030 22 0.101
2984 22 0.101
977 22 0.101
2498 22 0.101
3822 22 0.101
5938 22 0.101
3688 22 0.101
1283 22 0.101
5145 22 0.101
5611 22 0.101
6947 22 0.101
2276 22 0.101
2718 22 0.101
968 22 0.101
778 22 0.101
4508 22 0.101
4978 22 0.101
6041 22 0.101
1352 22 0.101
4603 22 0.101
297 22 0.101
7202 22 0.101
300 22 0.101
1118 22 0.101
2252 22 0.101
771 22 0.101
3165 22 0.101
468 22 0.101
4166 22 0.101
4167 22 0.101
5598 22 0.101
3449 22 0.101
882 22 0.101
3503 22 0.101
5554 22 0.101
2504 22 0.101
3352 22 0.101
5981 22 0.101
5982 22 0.101
4799 22 0.101
4711 22 0.101
6000 22 0.101
3496 22 0.101
2104 22 0.101
1829 22 0.101
3223 22 0.101
1403 22 0.101
3246 22 0.101
547 21 0.097
6676 21 0.097
1614 21 0.097
2325 21 0.097
1707 21 0.097
3179 21 0.097
6412 21 0.097
2571 21 0.097
4137 21 0.097
22 21 0.097
5939 21 0.097
5411 21 0.097
1562 21 0.097
6473 21 0.097
4760 21 0.097
4678 21 0.097
3177 21 0.097
2086 21 0.097
3351 21 0.097
2239 21 0.097
6279 21 0.097
3262 21 0.097
6515 21 0.097
7365 21 0.097
5425 21 0.097
528 21 0.097
2546 21 0.097
1073 21 0.097
2597 21 0.097
3197 21 0.097
2944 21 0.097
6037 21 0.097
2874 21 0.097
1650 21 0.097
3257 21 0.097
6667 21 0.097
12 21 0.097
1843 21 0.097
5618 21 0.097
5602 21 0.097
3455 21 0.097
4911 21 0.097
1252 21 0.097
2302 21 0.097
1836 21 0.097
4374 21 0.097
5123 21 0.097
5156 21 0.097
7308 21 0.097
6562 21 0.097
6429 21 0.097
6469 21 0.097
5562 20 0.092
2202 20 0.092
738 20 0.092
5907 20 0.092
1964 20 0.092
7150 20 0.092
6388 20 0.092
4325 20 0.092
6226 20 0.092
769 20 0.092
2949 20 0.092
6559 20 0.092
2482 20 0.092
5662 20 0.092
4556 20 0.092
3415 20 0.092
5171 20 0.092
2322 20 0.092
2628 20 0.092
4950 20 0.092
2547 20 0.092
6075 20 0.092
6775 20 0.092
4837 20 0.092
2501 20 0.092
646 20 0.092
5094 20 0.092
2724 20 0.092
1641 20 0.092
1335 20 0.092
5148 20 0.092
511 20 0.092
3424 20 0.092
472 20 0.092
1214 20 0.092
6845 20 0.092
3646 20 0.092
1835 20 0.092
4021 20 0.092
6409 20 0.092
3998 20 0.092
6430 20 0.092
2415 19 0.088
2136 19 0.088
5313 19 0.088
5908 19 0.088
1326 19 0.088
731 19 0.088
3623 19 0.088
6206 19 0.088
27 19 0.088
6211 19 0.088
5532 19 0.088
7098 19 0.088
6250 19 0.088
6982 19 0.088
5550 19 0.088
6472 19 0.088
4308 19 0.088
1777 19 0.088
1645 19 0.088
4633 19 0.088
1264 19 0.088
4419 19 0.088
7309 19 0.088
7294 19 0.088
4202 19 0.088
3559 19 0.088
2943 19 0.088
1144 19 0.088
6563 19 0.088
1444 19 0.088
1544 19 0.088
7040 19 0.088
5036 19 0.088
5322 19 0.088
1129 19 0.088
4312 19 0.088
4542 19 0.088
689 19 0.088
1083 19 0.088
1324 19 0.088
4503 19 0.088
6537 19 0.088
5812 19 0.088
4981 19 0.088
6477 19 0.088
3035 19 0.088
5539 19 0.088
159 19 0.088
5398 19 0.088
5363 19 0.088
642 19 0.088
4611 19 0.088
1248 19 0.088
1834 19 0.088
2973 19 0.088
4 19 0.088
5535 19 0.088
3538 19 0.088
7253 19 0.088
4825 19 0.088
5806 19 0.088
6046 19 0.088
2273 19 0.088
3985 19 0.088
320 19 0.088
2169 19 0.088
4803 18 0.083
2327 18 0.083
7070 18 0.083
3055 18 0.083
6658 18 0.083
2666 18 0.083
2509 18 0.083
6456 18 0.083
1348 18 0.083
6044 18 0.083
4477 18 0.083
5269 18 0.083
3647 18 0.083
676 18 0.083
4414 18 0.083
6335 18 0.083
3716 18 0.083
5199 18 0.083
4055 18 0.083
4039 18 0.083
333 18 0.083
5516 18 0.083
4689 18 0.083
6396 18 0.083
4340 18 0.083
3156 18 0.083
6045 18 0.083
2610 18 0.083
2787 18 0.083
4664 18 0.083
5111 18 0.083
5209 18 0.083
4323 18 0.083
2550 18 0.083
6307 18 0.083
4210 18 0.083
1430 18 0.083
4207 18 0.083
6614 18 0.083
1602 18 0.083
3685 18 0.083
514 18 0.083
828 18 0.083
3069 18 0.083
4499 18 0.083
2634 18 0.083
5978 18 0.083
962 18 0.083
5822 18 0.083
5940 18 0.083
274 18 0.083
5164 18 0.083
453 18 0.083
2296 18 0.083
5825 18 0.083
1687 18 0.083
6024 18 0.083
4126 18 0.083
2319 18 0.083
5958 18 0.083
5984 18 0.083
2131 18 0.083
6933 18 0.083
2168 18 0.083
2774 18 0.083
5004 17 0.078
5073 17 0.078
4196 17 0.078
1145 17 0.078
5839 17 0.078
5154 17 0.078
1812 17 0.078
1356 17 0.078
6670 17 0.078
1152 17 0.078
5006 17 0.078
671 17 0.078
1333 17 0.078
1438 17 0.078
3002 17 0.078
1833 17 0.078
7081 17 0.078
6510 17 0.078
10 17 0.078
6644 17 0.078
4551 17 0.078
5643 17 0.078
4860 17 0.078
5588 17 0.078
5793 17 0.078
435 17 0.078
7355 17 0.078
6885 17 0.078
2635 17 0.078
4131 17 0.078
5307 17 0.078
510 17 0.078
281 17 0.078
1640 17 0.078
4900 17 0.078
2881 17 0.078
5037 17 0.078
6204 17 0.078
3140 17 0.078
2388 17 0.078
6727 17 0.078
1674 17 0.078
2113 17 0.078
4510 17 0.078
6866 17 0.078
6101 17 0.078
5225 17 0.078
3437 17 0.078
7146 17 0.078
5275 17 0.078
2468 17 0.078
44 17 0.078
740 17 0.078
1902 17 0.078
5378 17 0.078
1939 17 0.078
5404 17 0.078
7289 17 0.078
6239 17 0.078
5831 17 0.078
322 17 0.078
6095 16 0.074
2711 16 0.074
2987 16 0.074
7164 16 0.074
3451 16 0.074
4620 16 0.074
5537 16 0.074
4745 16 0.074
938 16 0.074
4896 16 0.074
4629 16 0.074
2742 16 0.074
2218 16 0.074
5997 16 0.074
5949 16 0.074
6136 16 0.074
332 16 0.074
471 16 0.074
1459 16 0.074
5341 16 0.074
6321 16 0.074
390 16 0.074
4212 16 0.074
552 16 0.074
2696 16 0.074
2596 16 0.074
6499 16 0.074
2087 16 0.074
2963 16 0.074
684 16 0.074
2442 16 0.074
2274 16 0.074
5998 16 0.074
5109 16 0.074
487 16 0.074
6170 16 0.074
4016 16 0.074
6974 16 0.074
4284 16 0.074
4577 16 0.074
6951 16 0.074
4395 16 0.074
5405 16 0.074
2911 16 0.074
357 16 0.074
5650 16 0.074
1509 15 0.069
675 15 0.069
6678 15 0.069
5261 15 0.069
1573 15 0.069
4329 15 0.069
4521 15 0.069
6263 15 0.069
4474 15 0.069
4975 15 0.069
4805 15 0.069
4216 15 0.069
5716 15 0.069
2222 15 0.069
2670 15 0.069
5495 15 0.069
3318 15 0.069
4492 15 0.069
2162 15 0.069
2410 15 0.069
4619 15 0.069
4578 15 0.069
2393 15 0.069
5200 15 0.069
2374 15 0.069
6677 15 0.069
6631 15 0.069
797 15 0.069
4529 15 0.069
6629 15 0.069
951 15 0.069
1629 15 0.069
6842 15 0.069
6529 15 0.069
773 15 0.069
4966 15 0.069
4746 15 0.069
7171 15 0.069
3459 15 0.069
315 15 0.069
5492 15 0.069
5216 15 0.069
1317 15 0.069
3066 15 0.069
5584 15 0.069
3694 15 0.069
6889 15 0.069
4434 15 0.069
4429 15 0.069
774 15 0.069
4105 15 0.069
3394 15 0.069
470 15 0.069
5927 15 0.069
5963 15 0.069
4285 15 0.069
2333 15 0.069
5533 15 0.069
6628 15 0.069
4259 15 0.069
4045 15 0.069
6679 15 0.069
7128 15 0.069
319 15 0.069
1402 15 0.069
5084 15 0.069
2591 14 0.065
5319 14 0.065
6865 14 0.065
145 14 0.065
829 14 0.065
1563 14 0.065
4797 14 0.065
2912 14 0.065
4667 14 0.065
5337 14 0.065
1012 14 0.065
5841 14 0.065
2788 14 0.065
1065 14 0.065
3433 14 0.065
1868 14 0.065
469 14 0.065
4029 14 0.065
5063 14 0.065
6006 14 0.065
4385 14 0.065
4422 14 0.065
1808 14 0.065
6096 14 0.065
6717 14 0.065
393 14 0.065
2992 14 0.065
2138 14 0.065
3473 14 0.065
833 14 0.065
7025 14 0.065
5324 14 0.065
7315 14 0.065
5085 14 0.065
6664 14 0.065
5595 14 0.065
5815 14 0.065
2331 14 0.065
2473 14 0.065
3687 14 0.065
5409 14 0.065
5457 14 0.065
18 14 0.065
1739 14 0.065
6346 14 0.065
1644 14 0.065
2093 14 0.065
5923 14 0.065
3104 14 0.065
1009 14 0.065
5536 14 0.065
4073 14 0.065
6306 14 0.065
3632 14 0.065
3530 14 0.065
284 14 0.065
3968 14 0.065
4584 14 0.065
5053 14 0.065
5771 13 0.06
3154 13 0.06
7104 13 0.06
4209 13 0.06
1447 13 0.06
4766 13 0.06
4834 13 0.06
6892 13 0.06
24 13 0.06
1840 13 0.06
2872 13 0.06
7132 13 0.06
4757 13 0.06
1310 13 0.06
6555 13 0.06
6571 13 0.06
3446 13 0.06
1014 13 0.06
3132 13 0.06
2328 13 0.06
6863 13 0.06
4436 13 0.06
1167 13 0.06
6507 13 0.06
443 13 0.06
6047 13 0.06
4351 13 0.06
6098 13 0.06
5347 13 0.06
3659 13 0.06
679 13 0.06
2329 13 0.06
6197 13 0.06
4500 13 0.06
6275 13 0.06
5585 13 0.06
1179 13 0.06
3697 13 0.06
6600 13 0.06
5103 13 0.06
6630 13 0.06
4961 13 0.06
2254 13 0.06
2297 13 0.06
7331 13 0.06
6088 13 0.06
4305 13 0.06
2396 13 0.06
1665 13 0.06
7211 13 0.06
6959 13 0.06
5304 13 0.06
312 13 0.06
3202 13 0.06
3621 12 0.055
5658 12 0.055
568 12 0.055
6260 12 0.055
6890 12 0.055
1357 12 0.055
115 12 0.055
836 12 0.055
2381 12 0.055
6305 12 0.055
3357 12 0.055
3681 12 0.055
4438 12 0.055
3314 12 0.055
2543 12 0.055
7203 12 0.055
4540 12 0.055
2301 12 0.055
4348 12 0.055
3885 12 0.055
3238 12 0.055
7290 12 0.055
6043 12 0.055
718 12 0.055
1116 12 0.055
4132 12 0.055
4138 12 0.055
4108 12 0.055
3653 12 0.055
1000 12 0.055
8 12 0.055
187 12 0.055
7241 12 0.055
7368 12 0.055
7028 12 0.055
4802 12 0.055
5542 12 0.055
5201 12 0.055
4473 12 0.055
4985 12 0.055
6359 12 0.055
4140 12 0.055
4213 12 0.055
2200 12 0.055
1449 12 0.055
282 12 0.055
1060 12 0.055
4979 12 0.055
2885 12 0.055
5342 12 0.055
5930 12 0.055
1871 12 0.055
3649 12 0.055
6214 12 0.055
1639 12 0.055
6304 12 0.055
6826 12 0.055
2465 12 0.055
5577 12 0.055
3044 12 0.055
3026 12 0.055
2776 12 0.055
2479 12 0.055
2996 12 0.055
4828 12 0.055
2723 12 0.055
3736 12 0.055
2493 11 0.051
6357 11 0.051
961 11 0.051
3718 11 0.051
906 11 0.051
3102 11 0.051
138 11 0.051
5260 11 0.051
4502 11 0.051
1124 11 0.051
4838 11 0.051
3639 11 0.051
154 11 0.051
6790 11 0.051
1807 11 0.051
1353 11 0.051
3402 11 0.051
5408 11 0.051
3336 11 0.051
3155 11 0.051
3021 11 0.051
2209 11 0.051
4197 11 0.051
303 11 0.051
2592 11 0.051
3648 11 0.051
5710 11 0.051
1213 11 0.051
7174 11 0.051
4798 11 0.051
7215 11 0.051
2012 11 0.051
6222 11 0.051
5374 11 0.051
5909 11 0.051
32 11 0.051
579 11 0.051
1768 11 0.051
3543 11 0.051
5576 11 0.051
4130 11 0.051
6632 11 0.051
1007 11 0.051
3064 11 0.051
4808 11 0.051
3264 11 0.051
452 11 0.051
4925 11 0.051
1113 11 0.051
3655 11 0.051
6393 11 0.051
2300 11 0.051
4068 11 0.051
5369 11 0.051
504 11 0.051
4201 11 0.051
5213 11 0.051
6110 11 0.051
3222 11 0.051
489 11 0.051
3245 11 0.051
4572 10 0.046
3181 10 0.046
1817 10 0.046
1651 10 0.046
5346 10 0.046
4293 10 0.046
2673 10 0.046
4345 10 0.046
5592 10 0.046
2759 10 0.046
5075 10 0.046
2088 10 0.046
5657 10 0.046
900 10 0.046
4673 10 0.046
6495 10 0.046
4581 10 0.046
1334 10 0.046
1501 10 0.046
3297 10 0.046
2671 10 0.046
1883 10 0.046
2976 10 0.046
2989 10 0.046
7035 10 0.046
2368 10 0.046
67 10 0.046
9 10 0.046
3486 10 0.046
6553 10 0.046
1451 10 0.046
2517 10 0.046
2437 10 0.046
4743 10 0.046
5210 10 0.046
5514 10 0.046
690 10 0.046
2268 10 0.046
6190 10 0.046
939 10 0.046
4665 10 0.046
3916 10 0.046
6541 10 0.046
6542 10 0.046
4139 10 0.046
2112 10 0.046
1008 10 0.046
2398 10 0.046
4899 10 0.046
2845 10 0.046
61 10 0.046
3481 10 0.046
1800 10 0.046
7370 10 0.046
15 10 0.046
4306 10 0.046
7342 10 0.046
2999 10 0.046
3148 10 0.046
2128 10 0.046
2538 10 0.046
5827 10 0.046
927 10 0.046
3295 9 0.041
2513 9 0.041
649 9 0.041
2667 9 0.041
6683 9 0.041
4984 9 0.041
1649 9 0.041
1276 9 0.041
6778 9 0.041
6331 9 0.041
6662 9 0.041
832 9 0.041
5076 9 0.041
6611 9 0.041
6634 9 0.041
2258 9 0.041
6342 9 0.041
1147 9 0.041
4157 9 0.041
580 9 0.041
2749 9 0.041
1487 9 0.041
1900 9 0.041
5149 9 0.041
5297 9 0.041
7038 9 0.041
1022 9 0.041
2654 9 0.041
670 9 0.041
4290 9 0.041
474 9 0.041
2330 9 0.041
1815 9 0.041
2680 9 0.041
7145 9 0.041
1789 9 0.041
5713 9 0.041
2519 9 0.041
278 9 0.041
5993 9 0.041
5426 9 0.041
6543 9 0.041
7169 9 0.041
5350 9 0.041
2855 9 0.041
2483 9 0.041
5217 9 0.041
7191 9 0.041
5320 9 0.041
2802 9 0.041
5838 9 0.041
7240 9 0.041
4044 9 0.041
418 9 0.041
4101 9 0.041
2862 9 0.041
3560 9 0.041
2910 9 0.041
6375 9 0.041
2178 9 0.041
1437 9 0.041
3431 9 0.041
4450 9 0.041
692 8 0.037
5077 8 0.037
3410 8 0.037
1971 8 0.037
2137 8 0.037
1127 8 0.037
1579 8 0.037
5290 8 0.037
2090 8 0.037
4084 8 0.037
4053 8 0.037
4486 8 0.037
6647 8 0.037
6367 8 0.037
5503 8 0.037
4352 8 0.037
14 8 0.037
3020 8 0.037
674 8 0.037
1490 8 0.037
3436 8 0.037
1860 8 0.037
7178 8 0.037
5175 8 0.037
4716 8 0.037
6894 8 0.037
531 8 0.037
7222 8 0.037
6042 8 0.037
1249 8 0.037
268 8 0.037
3858 8 0.037
7375 8 0.037
415 8 0.037
5376 8 0.037
2663 8 0.037
6652 8 0.037
3464 8 0.037
5327 8 0.037
1848 8 0.037
2997 8 0.037
3544 8 0.037
482 8 0.037
3706 8 0.037
3147 8 0.037
3650 8 0.037
3686 8 0.037
4435 8 0.037
2878 8 0.037
1956 8 0.037
5951 8 0.037
6895 8 0.037
7208 8 0.037
397 8 0.037
6624 8 0.037
548 8 0.037
2941 8 0.037
6626 8 0.037
6617 8 0.037
3728 8 0.037
6482 8 0.037
4930 8 0.037
5836 8 0.037
3107 8 0.037
6991 8 0.037
6955 8 0.037
6779 7 0.032
4156 7 0.032
6819 7 0.032
276 7 0.032
2760 7 0.032
5173 7 0.032
6753 7 0.032
7094 7 0.032
7339 7 0.032
7162 7 0.032
3934 7 0.032
1653 7 0.032
7095 7 0.032
6489 7 0.032
3435 7 0.032
2726 7 0.032
682 7 0.032
6818 7 0.032
7183 7 0.032
1142 7 0.032
5348 7 0.032
2590 7 0.032
1216 7 0.032
7195 7 0.032
465 7 0.032
3516 7 0.032
2231 7 0.032
7182 7 0.032
4381 7 0.032
4823 7 0.032
775 7 0.032
6358 7 0.032
1657 7 0.032
6385 7 0.032
1428 7 0.032
6867 7 0.032
5794 7 0.032
51 7 0.032
2532 7 0.032
1625 7 0.032
2856 7 0.032
272 7 0.032
6308 7 0.032
777 7 0.032
3364 7 0.032
1850 7 0.032
4286 7 0.032
3062 7 0.032
3063 7 0.032
16 7 0.032
4932 7 0.032
7096 7 0.032
6149 7 0.032
1931 7 0.032
396 7 0.032
481 7 0.032
5962 7 0.032
5505 7 0.032
6992 7 0.032
5833 7 0.032
5502 7 0.032
313 7 0.032
2775 7 0.032
4181 7 0.032
5302 7 0.032
5343 6 0.028
3504 6 0.028
1035 6 0.028
4557 6 0.028
1736 6 0.028
577 6 0.028
6362 6 0.028
3367 6 0.028
1094 6 0.028
5912 6 0.028
4432 6 0.028
5377 6 0.028
831 6 0.028
2858 6 0.028
1887 6 0.028
6221 6 0.028
3444 6 0.028
1291 6 0.028
6777 6 0.028
64 6 0.028
5243 6 0.028
2588 6 0.028
1841 6 0.028
6547 6 0.028
4384 6 0.028
2271 6 0.028
463 6 0.028
6635 6 0.028
3043 6 0.028
5922 6 0.028
4031 6 0.028
6103 6 0.028
2114 6 0.028
3452 6 0.028
3708 6 0.028
3856 6 0.028
3948 6 0.028
3469 6 0.028
1634 6 0.028
6682 6 0.028
2859 6 0.028
717 6 0.028
4740 6 0.028
13 6 0.028
430 6 0.028
402 6 0.028
3658 6 0.028
734 6 0.028
854 6 0.028
6681 5 0.023
1493 5 0.023
6557 5 0.023
1243 5 0.023
7103 5 0.023
3595 5 0.023
2924 5 0.023
6605 5 0.023
269 5 0.023
3620 5 0.023
2346 5 0.023
1654 5 0.023
2345 5 0.023
3566 5 0.023
1658 5 0.023
6666 5 0.023
4489 5 0.023
3178 5 0.023
3360 5 0.023
2555 5 0.023
5954 5 0.023
4666 5 0.023
5078 5 0.023
1685 5 0.023
4313 5 0.023
2235 5 0.023
4028 5 0.023
434 5 0.023
475 5 0.023
6067 5 0.023
2397 5 0.023
461 5 0.023
4534 5 0.023
5318 5 0.023
3406 5 0.023
7141 5 0.023
6171 5 0.023
5970 5 0.023
270 5 0.023
1575 5 0.023
877 5 0.023
2507 5 0.023
3598 5 0.023
437 5 0.023
4046 5 0.023
6002 5 0.023
7152 5 0.023
3430 5 0.023
7163 5 0.023
4935 4 0.018
4198 4 0.018
2147 4 0.018
2152 4 0.018
3953 4 0.018
5845 4 0.018
2255 4 0.018
6068 4 0.018
6817 4 0.018
6896 4 0.018
3588 4 0.018
1849 4 0.018
4933 4 0.018
6057 4 0.018
533 4 0.018
2669 4 0.018
6868 4 0.018
4155 4 0.018
7255 4 0.018
3461 4 0.018
4095 4 0.018
5024 4 0.018
2344 4 0.018
2947 4 0.018
5574 4 0.018
3221 4 0.018
5992 4 0.018
2081 4 0.018
561 4 0.018
7185 4 0.018
7142 4 0.018
3472 4 0.018
4161 4 0.018
4160 4 0.018
3039 4 0.018
6850 4 0.018
2919 4 0.018
3660 4 0.018
3045 4 0.018
3760 4 0.018
4895 4 0.018
6 4 0.018
2242 4 0.018
5310 4 0.018
7213 4 0.018
4019 4 0.018
4537 4 0.018
6364 4 0.018
3320 4 0.018
329 4 0.018
4162 4 0.018
249 4 0.018
5544 4 0.018
5560 4 0.018
5561 4 0.018
4605 4 0.018
6813 4 0.018
2595 4 0.018
4773 4 0.018
4536 4 0.018
1464 4 0.018
1514 4 0.018
5293 4 0.018
2645 3 0.014
6549 3 0.014
6360 3 0.014
6780 3 0.014
2721 3 0.014
974 3 0.014
3959 3 0.014
5846 3 0.014
7168 3 0.014
5986 3 0.014
5959 3 0.014
876 3 0.014
3460 3 0.014
3458 3 0.014
5323 3 0.014
5345 3 0.014
5002 3 0.014
5976 3 0.014
6841 3 0.014
5325 3 0.014
6732 3 0.014
3669 3 0.014
4057 3 0.014
6941 3 0.014
4214 3 0.014
7194 3 0.014
4098 3 0.014
2280 3 0.014
532 3 0.014
859 3 0.014
5330 3 0.014
4539 3 0.014
6366 3 0.014
1580 3 0.014
4164 3 0.014
2490 3 0.014
2092 3 0.014
4158 3 0.014
1307 3 0.014
6099 3 0.014
6100 3 0.014
4159 3 0.014
457 3 0.014
2259 3 0.014
5926 3 0.014
7192 3 0.014
3134 3 0.014
5332 3 0.014
2600 3 0.014
4072 3 0.014
419 3 0.014
412 3 0.014
6212 3 0.014
1648 3 0.014
1062 3 0.014
2712 3 0.014
5867 3 0.014
1267 3 0.014
5497 3 0.014
7237 3 0.014
4507 2 0.009
1647 2 0.009
3142 2 0.009
6420 2 0.009
4379 2 0.009
5842 2 0.009
4934 2 0.009
7046 2 0.009
3114 2 0.009
7326 2 0.009
2512 2 0.009
242 2 0.009
5915 2 0.009
1766 2 0.009
3619 2 0.009
4253 2 0.009
2929 2 0.009
779 2 0.009
5423 2 0.009
6422 2 0.009
2234 2 0.009
5935 2 0.009
2213 2 0.009
3131 2 0.009
7184 2 0.009
4058 2 0.009
431 2 0.009
401 2 0.009
7204 2 0.009
6748 2 0.009
4257 2 0.009
1195 2 0.009
6860 2 0.009
1239 2 0.009
3915 2 0.009
1801 2 0.009
2387 2 0.009
3943 2 0.009
5541 2 0.009
3683 2 0.009
5362 2 0.009
7196 2 0.009
4591 2 0.009
4594 2 0.009
3143 2 0.009
534 2 0.009
3918 2 0.009
1779 2 0.009
1412 2 0.009
6669 2 0.009
2510 2 0.009
5317 2 0.009
1414 2 0.009
5916 2 0.009
2270 2 0.009
406 2 0.009
1443 2 0.009
3712 2 0.009
7267 2 0.009
1546 2 0.009
4344 2 0.009
2098 2 0.009
1089 2 0.009
2710 2 0.009
535 2 0.009
3059 2 0.009
1652 2 0.009
6834 2 0.009
26 2 0.009
7177 2 0.009
1737 2 0.009
1935 2 0.009
5918 2 0.009
6508 2 0.009
3438 2 0.009
1019 2 0.009
1090 2 0.009
6949 2 0.009
5309 2 0.009
1079 2 0.009
1015 2 0.009
5338 2 0.009
4541 2 0.009
3927 2 0.009
3703 2 0.009
5418 2 0.009
7279 2 0.009
1928 2 0.009
1496 2 0.009
264 2 0.009
6740 2 0.009
5306 1 0.005
625 1 0.005
2003 1 0.005
4753 1 0.005
6063 1 0.005
4061 1 0.005
438 1 0.005
459 1 0.005
3426 1 0.005
4090 1 0.005
2685 1 0.005
6733 1 0.005
4902 1 0.005
4637 1 0.005
2232 1 0.005
2813 1 0.005
4163 1 0.005
399 1 0.005
2226 1 0.005
4755 1 0.005
2091 1 0.005
2082 1 0.005
1148 1 0.005
5065 1 0.005
3100 1 0.005
7310 1 0.005
6820 1 0.005
3339 1 0.005
248 1 0.005
5067 1 0.005
3216 1 0.005
2824 1 0.005
4048 1 0.005
6998 1 0.005
100 1 0.005
7073 1 0.005
5783 1 0.005
1155 1 0.005
5799 1 0.005
1245 1 0.005
1250 1 0.005
3467 1 0.005
3057 1 0.005
5979 1 0.005
4974 1 0.005
5068 1 0.005
2277 1 0.005
2241 1 0.005
744 1 0.005
2955 1 0.005
6546 1 0.005
3520 1 0.005
7108 1 0.005
5092 1 0.005
1531 1 0.005
261 1 0.005
4754 1 0.005
2083 1 0.005
1096 1 0.005
7176 1 0.005
1545 1 0.005
2105 1 0.005
721 1 0.005
6973 1 0.005
6513 1 0.005
2945 1 0.005
6085 1 0.005
2537 1 0.005
1535 1 0.005
3453 1 0.005
4522 1 0.005
1103 1 0.005
6776 1 0.005
6944 1 0.005
4511 1 0.005
553 1 0.005
1910 1 0.005
4729 1 0.005
2359 1 0.005
1137 1 0.005
6448 1 0.005
7062 1 0.005
4571 1 0.005
3537 1 0.005
1912 1 0.005
5956 1 0.005
420 1 0.005
2212 1 0.005
7136 1 0.005
2829 1 0.005
3613 1 0.005
7201 1 0.005
3347 1 0.005
7287 1 0.005
1633 1 0.005
5069 1 0.005
1735 1 0.005
456 1 0.005
3226 1 0.005
3058 1 0.005
2076 1 0.005
2354 1 0.005
2672 1 0.005
1734 1 0.005
5470 1 0.005
7167 1 0.005
5066 1 0.005
1659 1 0.005
5936 1 0.005
2665 1 0.005
3905 1 0.005
72 1 0.005
6968 1 0.005
4083 1 0.005
2266 1 0.005
6815 1 0.005
1024 1 0.005
4671 1 0.005
5000 1 0.005
874 1 0.005
3589 1 0.005
742 1 0.005
38 1 0.005
743 1 0.005
2236 1 0.005
5866 1 0.005
3970 1 0.005
2293 1 0.005
361 1 0.005
350 1 0.005
343 1 0.005
349 1 0.005
355 1 0.005
2404 1 0.005
2132 1 0.005
6079 1 0.005
