20
0 1937 1256 2108 1530 2305 1823 2239 2239 2530 2530 2823 2823 1256 1937 1530 2108 1823 2305 3026
3196 0 900 300 948 600 1081 1540 2374 1821 2463 2115 2618 3078 3911 3359 4001 3652 4156 2305
2703 900 0 948 300 1081 600 1036 1879 1328 1965 1621 2115 2575 3408 2856 3498 3149 3652 1823
3047 1743 2380 0 900 300 948 1385 2224 1672 2314 1965 2463 2923 3757 3204 3846 3498 4001 2108
2409 2380 1743 900 0 948 300 743 1586 1034 1672 1328 1821 2281 3115 2562 3204 2856 3359 1530
2961 1452 2295 1743 2380 0 900 1295 2138 1586 2224 1879 2374 2834 3667 3115 3757 3408 3911 1937
2118 2295 1452 2380 1743 900 0 469 1295 743 1385 1036 1540 2001 2834 2281 2923 2575 3078 1256
1662 1879 1036 1965 1328 2115 1621 0 900 300 948 600 1081 1540 2374 1821 2463 2115 2618 2823
1662 2374 1540 2463 1821 2618 2115 900 0 948 300 1081 600 1036 1879 1328 1965 1621 2115 2823
1375 1586 743 1672 1034 1821 1328 1743 2380 0 900 300 948 1385 2224 1672 2314 1965 2463 2530
1375 2224 1385 2314 1672 2463 1965 2380 1743 900 0 948 300 743 1586 1034 1672 1328 1821 2530
1096 1295 469 1385 743 1540 1036 1452 2295 1743 2380 0 900 1295 2138 1586 2224 1879 2374 2239
1096 2138 1295 2224 1586 2374 1879 2295 1452 2380 1743 900 0 469 1295 743 1385 1036 1540 2239
2703 3408 2575 3498 2856 3652 3149 1879 1036 1965 1328 2115 1621 0 900 300 948 600 1081 1823
3196 3911 3078 4001 3359 4156 3652 2374 1540 2463 1821 2618 2115 900 0 948 300 1081 600 2305
2409 3115 2281 3204 2562 3359 2856 1586 743 1672 1034 1821 1328 1743 2380 0 900 300 948 1530
3047 3757 2923 3846 3204 4001 3498 2224 1385 2314 1672 2463 1965 2380 1743 900 0 948 300 2108
2118 2834 2001 2923 2281 3078 2575 1295 469 1385 743 1540 1036 1452 2295 1743 2380 0 900 1256
2961 3667 2834 3757 3115 3911 3408 2138 1295 2224 1586 2374 1879 2295 1452 2380 1743 900 0 1937
2600 2961 2118 3047 2409 3196 2703 1096 1096 1375 1375 1662 1662 2118 2961 2409 3047 2703 3196 0