7391
6
247
240
240
240
240
240
240
240
240
69
38
252
160
247
247
247
160
224
120
206
206
206
230
209
209
207
207
209
210
210
210
264
264
264
235
247
216
115
216
216
114
114
216
216
216
115
39
39
115
115
115
115
115
115
115
115
115
115
115
115
115
115
165
165
165
165
165
264
264
143
144
224
224
147
148
152
235
200
47
200
201
193
200
201
201
200
200
200
200
200
200
200
200
201
201
201
201
201
201
201
243
81
87
84
86
86
86
84
86
86
85
85
85
86
180
180
180
166
217
191
191
214
204
208
218
236
103
181
183
183
218
182
222
102
102
50
102
107
107
27
143
245
218
61
61
61
61
61
214
61
191
217
143
186
223
223
213
213
7
7
7
34
34
13
13
13
13
13
13
13
79
80
78
78
75
77
77
115
191
59
143
143
141
141
236
166
115
80
144
144
144
144
145
144
144
217
220
236
236
144
188
220
113
113
216
216
114
201
200
200
264
264
214
264
264
264
218
260
264
256
189
218
218
264
220
220
219
223
39
39
141
141
207
103
103
115
115
115
115
236
264
219
104
104
104
104
104
104
104
104
104
104
104
138
224
224
160
224
160
224
160
5
87
22
70
70
70
44
70
70
70
70
232
70
232
70
179
179
179
49
49
49
116
94
135
135
135
135
135
135
135
135
135
135
135
135
30
30
30
30
54
53
54
54
65
54
65
53
253
253
253
96
86
86
96
224
176
101
97
99
83
84
84
224
176
77
77
124
121
121
150
257
257
176
6
6
4
6
6
5
5
5
100
10
85
82
5
5
6
6
6
6
8
8
3
3
8
3
6
82
82
8
8
82
4
6
4
6
6
4
3
6
6
3
3
3
3
3
4
4
6
4
4
5
9
9
6
259
259
259
66
248
259
238
224
264
264
214
165
149
43
219
248
104
104
66
144
19
2
224
176
106
209
201
150
124
150
201
106
65
2
171
2
24
104
138
115
116
150
259
41
223
118
116
259
144
39
264
150
18
154
63
165
243
176
144
135
171
224
252
176
216
124
150
224
57
116
52
216
121
216
218
119
53
53
141
18
52
201
219
56
176
56
31
164
65
264
53
119
223
219
216
176
264
179
106
80
213
191
134
134
134
156
96
224
224
224
18
224
224
224
224
224
223
222
222
222
222
100
240
240
240
240
240
240
95
34
34
13
13
13
13
135
135
135
135
135
135
223
264
246
47
47
47
47
118
118
124
254
254
253
236
236
264
24
41
41
246
244
143
143
143
143
144
144
144
144
144
144
144
146
144
144
144
144
135
242
61
11
134
241
246
159
224
224
246
246
246
118
149
165
165
176
131
224
241
91
246
121
119
18
120
147
118
252
179
124
124
243
120
224
224
224
224
224
224
224
224
51
118
118
249
160
159
159
174
150
116
174
104
104
56
54
65
120
47
49
49
49
49
47
176
176
176
161
224
161
176
176
174
174
119
240
134
134
134
134
135
135
247
240
200
200
200
238
201
201
201
201
214
217
217
217
144
120
120
120
120
120
120
147
147
140
119
119
174
188
187
120
120
120
120
120
120
120
122
118
159
246
246
121
121
47
224
224
176
176
176
138
252
252
252
140
252
138
252
252
252
139
252
252
252
224
224
224
224
224
224
49
48
176
106
106
106
106
1
106
106
106
106
106
243
243
243
146
143
146
146
146
236
236
239
239
143
144
144
144
144
144
144
129
129
129
174
176
174
176
174
174
174
174
174
176
174
174
176
176
174
176
174
144
174
150
224
176
176
123
247
262
134
134
134
135
134
134
134
12
254
135
134
134
134
134
134
134
134
135
135
174
130
219
219
219
219
219
219
34
209
206
206
205
209
205
205
219
219
219
219
219
219
143
261
174
176
176
119
246
246
246
246
246
246
246
121
121
246
176
241
241
174
174
174
174
174
176
176
176
174
176
212
10
100
100
10
98
10
200
242
118
147
150
150
147
124
121
241
174
177
199
52
56
56
53
52
56
56
52
53
53
53
53
53
53
56
54
54
54
65
54
55
55
135
135
135
135
135
10
10
98
100
98
98
176
229
229
241
176
176
176
176
176
176
176
176
176
176
176
174
174
176
176
176
176
176
176
174
80
80
80
78
78
79
79
80
195
195
195
195
195
195
195
138
224
224
48
49
120
116
116
116
106
106
106
129
174
176
174
174
243
243
247
243
243
247
176
143
145
145
41
193
82
82
261
261
261
260
39
224
224
224
176
176
176
224
224
200
200
218
218
218
200
176
120
120
120
174
174
174
241
120
120
128
128
176
185
174
124
124
124
119
119
119
119
165
224
224
100
54
224
224
159
240
240
240
66
66
200
200
200
224
224
224
224
224
224
224
224
224
174
49
48
48
47
241
174
224
224
174
47
47
174
260
260
100
223
223
223
223
223
223
223
223
223
223
223
223
223
223
243
143
143
143
110
110
110
244
244
166
261
260
260
260
261
261
260
260
260
121
121
124
121
48
224
224
224
224
48
49
135
135
135
135
135
218
264
200
106
106
106
106
106
106
239
43
43
43
33
154
154
104
249
104
249
154
160
154
153
153
154
156
156
156
68
56
56
56
176
42
61
61
41
60
33
41
60
61
61
61
61
40
41
41
8
198
198
198
198
218
15
218
218
15
218
109
109
170
111
95
96
96
77
152
147
147
150
150
150
252
118
150
150
150
150
124
150
150
165
150
147
152
118
150
241
241
47
47
58
252
252
252
224
224
224
47
47
264
256
236
256
264
264
264
66
259
259
66
39
39
115
115
115
115
115
104
249
249
252
138
138
138
252
252
104
104
104
104
104
249
159
159
176
176
161
241
241
120
224
224
224
224
174
6
4
3
3
3
4
3
8
6
8
8
8
4
5
8
8
8
8
8
8
4
6
6
6
46
123
123
123
121
100
150
150
150
150
147
224
150
120
124
124
122
138
154
104
56
56
224
150
118
150
154
248
104
249
160
154
150
124
120
120
120
150
152
147
165
165
165
165
165
165
165
165
124
124
124
120
120
118
124
133
256
264
241
176
135
135
135
135
135
135
135
135
135
135
135
135
201
200
200
141
141
141
141
141
141
141
144
144
144
144
144
144
144
144
141
144
144
144
149
8
177
177
4
5
5
5
218
218
218
218
218
218
134
48
13
13
13
13
13
13
13
13
13
13
13
77
13
13
77
77
77
80
13
13
13
13
13
13
13
13
247
243
243
243
244
143
144
144
144
144
144
144
144
264
127
135
135
135
193
200
200
200
200
202
238
200
150
224
150
150
150
150
118
124
124
121
150
121
121
121
243
243
243
243
243
243
243
224
174
55
52
55
98
100
245
245
191
13
150
188
124
236
56
224
229
124
261
102
103
103
185
36
264
235
134
135
137
135
33
13
5
52
59
59
34
262
260
260
135
135
135
252
252
252
252
252
249
249
104
104
247
247
22
118
124
117
252
104
104
140
138
138
138
252
252
252
224
224
224
252
252
252
224
224
224
224
252
252
252
224
224
244
144
144
144
264
264
264
256
196
264
196
196
264
27
198
200
264
264
206
41
60
60
60
60
60
60
60
60
60
60
60
60
258
136
104
247
246
246
143
144
144
144
144
144
144
144
144
144
143
244
143
143
143
143
143
144
144
144
145
145
145
145
144
144
144
144
144
144
144
144
143
121
118
124
124
121
121
120
124
118
201
201
200
200
200
200
200
200
118
104
118
33
33
117
118
150
120
118
138
254
124
123
124
255
33
33
33
255
152
33
150
118
176
176
33
33
118
262
26
223
223
223
223
223
223
192
223
223
223
223
223
223
223
264
264
256
256
256
245
61
42
33
106
60
219
219
219
219
201
201
200
245
146
163
264
203
264
256
115
126
126
126
128
126
224
224
224
224
224
224
18
46
114
216
114
216
216
216
216
216
114
216
216
114
176
176
174
174
176
176
176
246
246
246
246
243
243
144
241
174
174
174
176
176
176
176
176
241
138
138
224
252
252
252
138
224
224
18
18
224
18
244
145
144
144
115
39
39
115
197
193
193
194
193
194
193
193
214
119
119
259
259
259
259
259
259
259
65
63
53
64
64
64
63
29
63
64
28
29
256
214
128
128
191
61
61
63
53
53
53
53
53
52
52
63
54
68
56
56
200
200
200
201
200
200
200
200
200
200
150
240
240
240
240
240
240
240
69
69
252
252
104
252
104
104
160
247
247
247
160
160
160
160
206
210
206
206
209
209
207
207
209
209
209
210
209
207
264
264
264
264
235
247
115
216
216
216
216
216
114
216
216
114
216
216
216
216
115
39
115
115
115
115
115
115
115
115
115
115
165
264
214
143
144
150
49
49
147
149
122
201
201
201
201
200
200
200
200
200
200
200
200
200
200
201
201
201
201
201
238
243
247
223
87
86
86
86
86
86
85
87
180
166
214
236
143
166
229
229
201
264
264
260
180
102
102
103
107
107
34
244
61
218
61
214
61
61
61
61
61
217
193
223
214
76
7
32
13
13
13
13
13
100
78
77
77
143
244
244
244
244
244
166
103
46
191
59
143
143
143
143
143
146
141
217
113
144
217
245
115
233
206
206
206
211
207
217
220
236
236
146
222
216
216
114
114
216
216
216
200
200
200
214
264
214
264
264
260
264
116
264
233
218
218
264
219
233
39
39
39
39
207
103
103
103
103
103
103
115
264
46
46
219
229
104
104
138
104
104
104
104
104
104
104
224
160
224
160
160
160
160
224
70
70
70
70
71
232
70
70
165
179
179
179
179
179
49
49
49
49
49
49
49
135
135
135
135
135
30
30
30
30
54
54
65
65
65
253
86
85
87
86
138
97
93
121
84
84
224
77
77
77
77
121
121
118
6
6
6
6
6
6
6
6
6
4
6
6
6
6
5
5
5
5
5
5
100
85
85
82
6
4
6
4
3
3
3
3
8
8
3
4
6
5
5
4
4
4
6
6
6
6
6
3
3
3
3
6
6
5
4
4
9
9
9
6
82
154
259
158
158
158
67
259
158
66
157
243
135
43
165
54
200
209
167
54
104
224
153
201
219
16
118
255
252
141
191
223
223
244
173
43
59
120
224
17
144
176
165
165
243
129
223
135
205
201
254
120
147
43
247
144
201
176
160
223
66
176
18
152
244
119
144
106
144
259
176
165
165
67
144
63
46
121
165
53
141
43
121
18
264
61
54
171
31
168
65
124
52
119
6
96
191
78
78
96
93
185
117
134
104
104
249
96
224
49
252
252
224
18
224
224
224
224
223
223
223
222
222
222
222
229
240
240
240
240
240
240
240
240
240
240
152
137
135
135
135
135
137
200
264
47
47
47
254
254
264
264
264
24
24
41
41
243
14
108
246
244
143
143
143
143
143
144
144
144
144
144
144
144
144
163
144
144
144
135
134
134
135
134
134
134
136
136
61
134
246
246
246
246
246
177
241
165
105
105
116
165
165
165
159
77
66
156
156
121
254
254
49
49
176
150
147
152
122
138
252
252
174
253
124
124
243
120
224
224
224
224
224
224
116
56
104
174
174
159
177
53
116
247
174
104
130
123
63
63
63
49
120
47
49
49
49
49
49
49
176
176
176
179
179
124
240
240
240
240
134
134
135
254
226
247
201
200
200
200
201
201
201
201
184
217
217
217
144
144
228
120
120
120
120
117
120
117
120
119
241
241
241
176
188
188
51
48
120
120
120
120
120
117
120
120
120
124
217
49
47
159
224
176
176
130
176
131
49
252
252
252
252
224
224
224
47
48
176
60
106
106
106
106
106
106
106
106
106
106
106
106
193
243
244
146
45
236
236
236
244
143
144
144
145
144
129
129
129
129
129
174
174
174
174
174
174
174
174
174
174
174
174
174
174
128
176
174
176
174
144
224
224
224
125
174
174
176
247
134
135
135
134
134
134
134
134
134
100
98
254
134
134
134
134
134
135
135
129
129
72
72
219
219
206
206
205
209
209
209
209
209
205
206
27
143
66
219
185
185
219
219
219
219
219
219
142
145
146
146
245
146
146
245
146
120
144
262
262
261
260
260
176
174
246
246
246
246
246
246
246
246
246
246
246
121
246
176
176
174
174
174
174
174
174
174
100
100
100
10
98
98
201
238
137
118
150
150
124
124
121
176
176
176
176
229
53
55
54
158
158
53
52
52
53
53
53
52
53
55
52
52
52
54
52
52
52
135
135
135
135
126
174
128
100
10
247
176
103
229
191
229
229
229
190
176
176
176
176
176
176
176
176
176
176
176
176
176
176
176
176
159
176
176
176
176
176
176
176
78
78
32
80
80
77
78
79
80
80
195
195
249
224
49
49
243
116
106
106
174
174
129
174
174
176
174
174
176
174
174
243
176
174
143
143
145
145
247
135
158
121
82
81
82
261
261
261
261
261
261
261
261
261
261
260
260
260
261
261
261
224
47
49
144
201
201
200
218
218
48
200
120
120
120
122
124
120
174
131
120
120
120
49
131
58
174
124
118
119
43
224
47
47
224
47
229
264
191
191
37
224
218
240
256
256
256
201
201
200
238
48
176
224
224
224
160
224
224
224
224
224
48
48
224
224
224
47
47
176
176
176
224
224
224
224
224
224
49
47
49
47
260
100
223
223
223
223
223
223
223
223
223
223
223
223
223
223
223
223
110
124
23
244
244
244
234
260
261
261
261
261
261
121
13
224
149
174
174
224
224
47
176
174
135
135
135
135
106
106
106
106
106
106
106
43
41
160
154
249
249
249
249
249
104
154
160
160
155
153
68
68
68
68
56
42
61
61
61
60
60
60
42
42
61
61
61
61
60
61
41
41
42
60
42
62
61
8
218
218
218
109
109
96
124
150
150
150
124
138
124
118
124
118
118
241
176
176
123
138
224
252
252
252
252
138
256
264
264
253
253
159
66
259
259
115
39
39
115
115
115
138
138
138
252
252
138
138
249
161
246
246
49
120
120
150
124
121
224
224
176
176
3
3
6
6
6
3
3
100
3
6
8
8
5
8
8
8
8
8
8
8
8
6
4
6
6
6
46
46
46
123
121
123
123
123
150
121
10
10
150
150
150
150
150
224
147
120
150
252
252
138
138
138
104
124
152
150
156
156
248
104
224
153
153
120
120
165
165
165
165
118
124
124
121
120
121
120
120
120
120
242
162
233
174
176
135
135
135
135
135
135
135
135
201
201
200
141
141
141
141
144
144
144
144
145
144
144
144
141
141
141
141
141
141
141
141
149
8
8
5
218
218
218
218
134
134
134
134
134
134
134
134
49
77
13
13
13
13
13
13
13
13
13
13
13
13
13
78
77
13
13
13
77
80
80
247
243
243
243
244
144
144
264
264
135
135
135
135
135
135
135
135
135
200
200
200
200
200
150
150
224
224
224
224
150
150
150
150
150
49
176
176
119
124
243
243
243
137
127
178
178
53
245
245
239
143
214
147
205
229
150
264
39
103
49
48
48
115
115
134
134
134
134
134
120
124
147
84
164
59
261
262
261
261
261
260
260
118
135
135
138
138
252
140
252
138
104
104
104
146
247
118
252
104
104
138
138
138
140
140
224
224
159
224
224
224
224
224
224
249
249
252
138
224
138
224
224
224
144
196
196
264
264
222
51
51
48
48
200
51
60
60
60
60
60
258
136
247
246
143
143
144
144
144
144
144
144
144
144
144
160
244
144
143
143
143
143
143
143
144
144
144
144
144
144
145
144
144
144
144
144
144
144
144
143
144
158
124
118
124
121
124
124
123
124
124
118
201
201
201
201
201
201
200
200
200
200
200
200
200
238
200
200
200
200
106
120
117
120
33
241
241
224
118
120
118
118
124
138
104
224
224
160
124
33
224
224
150
118
33
33
33
33
255
255
255
150
116
118
138
33
120
176
120
33
255
252
224
165
262
262
262
262
262
262
26
223
223
192
223
223
223
223
223
223
137
264
264
256
264
264
264
42
41
42
159
185
185
219
219
219
219
219
219
201
201
146
256
264
264
203
129
129
115
114
128
128
128
224
159
224
224
224
224
224
224
224
224
46
46
46
0
46
46
216
216
216
216
216
216
114
114
144
145
241
174
174
176
176
144
224
224
243
243
247
247
241
174
174
174
174
174
176
176
176
176
176
176
176
104
252
138
252
138
224
18
18
224
244
47
243
115
194
193
194
193
193
119
259
259
66
66
57
65
53
53
53
64
53
28
264
264
35
126
128
128
12
214
215
77
229
61
58
54
53
65
54
54
53
68
56
200
201
201
200
200
200
200
238
135
150
150
6
243
240
240
240
240
240
240
240
240
240
240
69
69
224
104
160
160
160
247
247
210
230
207
207
207
209
207
206
206
211
209
210
210
210
210
210
210
264
264
264
264
264
247
115
115
216
216
216
115
39
39
115
115
115
115
115
115
115
115
115
115
115
229
165
165
165
165
264
222
144
224
138
176
218
264
201
201
201
200
200
200
200
200
201
201
238
41
81
86
84
86
86
86
86
86
86
85
85
85
86
86
180
180
191
204
218
218
181
181
229
214
185
261
261
222
223
102
102
107
77
61
245
229
61
218
264
264
256
61
61
61
143
223
213
223
223
223
32
86
101
85
87
77
85
85
13
13
13
13
13
13
100
79
80
78
78
78
78
77
77
75
34
34
89
244
244
115
115
103
46
191
191
143
143
143
143
143
146
146
61
115
80
144
144
145
204
223
236
236
188
188
205
114
114
114
114
114
216
145
201
200
200
200
200
238
238
264
214
218
39
235
233
200
218
184
264
182
219
223
222
39
207
141
207
183
103
103
103
103
103
103
103
103
107
115
214
264
214
214
264
214
46
159
159
104
104
104
104
104
104
104
104
104
104
104
224
224
224
224
160
160
224
224
160
5
179
179
179
49
49
49
49
135
30
25
30
30
54
65
53
54
54
65
52
65
64
253
148
87
86
86
86
138
224
150
101
99
101
83
84
84
33
96
77
77
77
124
124
174
6
6
6
6
6
6
4
6
6
6
6
5
5
5
98
10
10
98
86
6
6
6
4
6
6
6
8
8
8
8
8
3
3
3
3
3
3
3
3
8
8
6
6
6
4
6
6
4
6
6
6
4
6
6
6
6
6
3
6
4
6
3
6
259
67
248
247
109
259
223
203
264
31
39
264
154
104
48
196
116
106
61
134
119
173
160
252
104
201
176
144
165
264
201
219
264
176
176
143
144
144
118
201
176
201
115
106
41
224
144
118
21
123
206
104
160
144
264
173
54
104
67
174
224
135
224
252
176
160
224
205
176
165
63
144
119
176
116
53
224
52
256
115
67
106
172
264
106
174
135
203
256
77
96
80
256
29
120
134
156
104
247
129
252
252
252
224
224
224
224
224
224
224
224
224
223
98
100
100
240
240
240
240
240
240
240
240
240
240
240
13
13
13
78
78
135
137
135
105
200
264
264
264
264
246
246
246
47
47
47
47
47
47
47
118
254
254
254
254
254
152
254
254
254
253
264
24
264
264
41
112
143
143
143
143
144
144
144
146
144
144
144
144
136
134
61
61
33
246
246
116
224
224
224
224
224
128
159
246
165
165
124
247
118
165
124
159
124
241
124
121
66
49
66
147
120
124
249
249
104
111
253
243
243
117
28
56
224
224
224
224
224
224
224
224
224
224
224
124
160
160
177
150
55
129
116
116
156
247
174
174
104
56
53
53
259
49
47
47
49
49
47
47
176
176
161
161
176
176
131
64
176
150
240
240
240
240
240
135
135
134
134
135
134
22
12
247
200
200
200
201
200
200
200
201
201
201
201
201
201
201
201
159
217
124
124
124
217
144
120
120
120
121
120
118
117
120
119
119
226
176
176
176
176
174
188
187
188
48
120
120
118
120
118
120
120
120
120
120
124
246
121
121
229
129
174
224
224
224
159
176
176
176
176
176
176
131
252
138
252
138
252
224
224
224
224
224
224
224
47
106
106
106
106
106
106
106
1
106
106
106
106
106
106
146
146
236
236
144
143
144
144
144
144
163
143
129
129
129
129
241
174
174
176
174
176
174
174
174
174
241
174
176
174
176
174
144
144
174
241
174
174
176
150
123
187
135
135
134
135
134
134
134
134
134
134
134
134
254
11
135
134
134
135
134
72
200
200
219
16
219
219
219
219
219
16
16
205
209
206
206
206
27
209
27
27
143
146
219
219
219
219
219
141
145
143
146
146
255
262
262
261
260
130
176
241
174
119
246
246
246
246
121
121
119
246
246
176
176
174
231
10
100
201
200
200
201
135
132
118
118
118
124
124
176
199
53
56
54
158
55
158
158
55
156
53
52
53
53
53
53
53
53
53
53
56
53
52
54
52
52
54
28
56
135
135
130
98
100
98
10
191
176
176
176
176
176
176
176
176
176
176
176
176
176
176
174
241
174
176
176
174
13
80
80
78
77
77
78
13
195
195
195
195
104
104
104
138
104
224
48
48
49
49
48
49
226
118
116
106
106
228
241
174
130
176
174
243
243
174
176
135
158
75
75
261
261
260
261
261
261
261
261
261
261
261
261
261
260
260
176
249
49
176
144
218
218
200
218
118
134
120
120
174
174
174
120
128
126
131
174
264
264
56
150
119
224
264
100
69
240
240
240
240
66
66
201
200
200
201
200
49
49
49
49
176
176
224
224
224
224
224
224
224
224
224
174
49
224
48
48
47
176
176
176
176
176
174
241
224
224
174
47
47
260
223
223
223
223
223
223
223
223
223
223
223
243
243
143
244
244
244
244
166
166
261
261
261
261
261
261
260
121
224
224
165
150
176
224
224
224
224
224
224
224
48
124
176
264
218
200
214
106
106
106
106
106
43
43
122
122
111
33
41
41
154
154
137
249
104
160
160
160
154
154
157
156
68
68
68
68
68
56
41
60
41
62
61
61
61
61
61
61
61
60
60
60
60
61
41
33
223
8
263
237
214
218
218
218
214
214
170
111
111
96
96
77
77
93
93
118
147
150
124
150
224
118
124
150
150
165
147
147
118
147
165
119
152
124
241
176
47
47
252
252
138
138
47
234
261
227
264
236
264
264
253
259
259
66
115
115
115
104
252
252
252
138
138
138
138
252
138
249
104
104
249
104
104
104
249
249
159
159
176
161
161
176
120
150
118
138
249
160
176
176
176
4
4
6
4
6
3
4
4
6
8
8
8
6
4
6
6
6
46
46
123
121
236
98
98
150
150
150
120
120
120
224
224
150
150
124
124
120
104
152
150
118
150
249
56
224
154
153
152
120
120
150
119
165
165
165
165
165
165
118
120
120
120
120
124
124
120
118
118
124
256
233
241
174
176
176
176
135
135
135
135
135
135
135
135
135
137
201
201
201
201
200
144
141
141
244
141
141
141
141
141
141
141
144
144
144
144
144
141
141
141
141
146
141
144
144
144
144
240
149
188
8
5
5
218
218
218
218
134
134
134
134
218
49
49
13
13
13
13
13
13
13
13
13
13
13
13
77
77
77
77
13
13
13
13
13
13
260
165
165
243
243
243
243
243
143
159
159
264
246
246
246
159
135
200
200
200
200
200
150
150
147
147
224
224
224
255
150
150
150
150
150
176
119
120
124
124
124
121
124
47
118
243
243
137
224
178
178
53
55
55
55
53
53
53
55
55
245
245
244
13
138
206
204
253
220
239
224
77
218
218
182
65
47
115
222
134
134
134
135
33
120
118
120
120
84
8
52
59
262
261
260
260
260
135
135
104
252
249
252
252
104
138
104
249
146
247
121
138
252
140
252
224
224
224
249
249
252
138
224
224
224
224
244
244
144
144
144
256
206
71
196
196
264
264
214
193
48
198
200
264
264
189
41
60
60
60
60
60
60
60
60
60
60
258
136
104
247
247
247
246
143
143
143
144
144
144
143
143
143
244
143
143
143
143
143
143
143
143
143
143
143
143
144
144
144
144
144
144
144
144
144
145
144
144
144
144
144
144
144
144
144
144
144
160
131
131
118
118
118
118
121
121
121
124
124
124
124
120
118
201
201
201
201
201
201
200
200
201
200
200
200
200
200
200
238
200
200
200
106
118
120
254
33
33
224
224
120
254
254
124
33
33
255
33
33
33
33
33
33
118
33
118
124
123
124
118
33
33
47
174
118
175
176
176
120
120
120
33
33
255
33
33
118
120
118
224
252
262
223
223
223
223
223
223
223
223
223
223
223
223
192
137
264
256
264
256
264
61
42
61
246
219
185
219
219
219
219
185
201
200
201
200
264
256
256
264
264
203
203
203
264
256
126
128
128
128
128
224
224
224
224
46
46
46
216
113
216
216
216
114
114
216
114
12
241
174
176
176
224
243
247
243
241
241
174
174
174
174
176
176
177
138
252
224
224
252
138
252
138
104
104
18
224
224
224
18
18
18
145
243
115
39
39
39
115
115
194
193
194
193
193
193
194
41
119
259
259
259
67
66
66
57
259
259
259
66
63
64
53
63
63
63
64
65
143
264
214
214
214
256
11
128
131
261
77
12
61
64
53
52
54
63
55
63
65
54
54
52
54
156
56
56
56
56
200
200
200
200
238
238
200
200
144
243
240
240
240
240
240
240
240
240
69
69
74
69
104
160
206
206
206
206
206
210
207
204
207
207
264
264
214
235
235
183
183
216
39
216
216
216
216
216
216
216
216
216
216
216
216
216
39
39
39
39
115
115
115
115
115
115
115
115
115
115
115
165
165
165
165
165
165
165
264
144
224
224
249
138
201
201
201
200
200
200
200
201
201
201
201
238
238
207
247
247
217
84
86
84
87
86
86
87
84
84
84
86
86
85
86
86
86
180
180
182
204
206
208
208
218
236
261
185
185
261
264
222
260
222
103
102
107
107
77
144
61
61
61
235
115
115
115
115
235
194
214
146
223
223
223
86
7
84
85
13
13
13
78
78
78
34
244
244
166
166
145
145
144
144
217
191
191
143
143
143
143
143
146
217
113
264
61
180
245
115
115
115
146
196
185
210
12
219
236
236
146
205
187
236
216
113
113
114
114
216
216
103
201
201
238
214
214
214
264
218
214
264
264
235
260
218
218
218
218
185
264
264
217
39
207
207
233
103
103
103
107
185
115
235
236
46
219
219
104
104
138
104
104
104
104
104
104
104
104
104
104
104
104
104
104
104
104
160
224
224
224
70
70
70
70
232
70
70
159
179
179
179
179
49
49
49
135
135
135
135
54
52
65
65
63
54
234
253
87
85
85
116
224
116
147
101
96
83
84
84
84
84
90
224
138
77
123
121
123
123
124
174
144
6
6
6
4
6
6
6
6
6
6
6
6
6
4
6
5
5
100
100
100
98
5
6
6
6
6
6
8
8
3
3
3
3
3
4
8
8
3
3
6
6
6
6
82
4
6
6
3
6
4
82
82
5
5
5
5
5
9
9
6
6
6
67
158
158
174
243
200
141
52
259
264
165
135
33
174
54
123
115
173
144
124
201
172
59
165
103
154
135
137
145
43
224
120
120
120
57
224
121
224
134
143
224
116
18
259
174
138
176
173
165
182
165
160
218
165
176
224
120
124
174
144
115
254
141
135
252
174
224
168
249
68
165
206
216
119
200
216
216
52
201
252
165
56
141
61
54
141
63
115
150
115
119
65
144
77
88
6
77
78
92
212
118
134
156
156
104
104
249
247
129
96
96
224
224
224
224
224
224
47
223
223
223
222
222
222
222
222
98
100
100
100
100
240
240
240
240
240
240
240
240
240
169
240
152
76
135
135
135
135
135
135
137
231
124
151
223
223
223
264
200
264
264
47
47
47
118
254
254
254
118
124
254
243
14
112
244
144
144
145
144
144
143
136
136
246
246
246
224
128
159
159
246
177
165
105
105
124
165
165
165
131
124
246
66
120
124
259
176
150
224
66
150
147
124
138
138
138
138
252
252
252
252
252
111
224
243
149
152
120
56
56
224
224
224
224
116
124
118
149
159
159
142
124
129
247
52
174
174
130
49
54
120
120
49
49
47
47
49
49
176
176
176
174
52
176
240
240
240
240
240
134
11
240
240
200
201
201
214
214
217
124
31
144
144
120
118
120
118
120
124
147
226
174
130
174
176
188
188
222
222
188
51
120
118
111
111
124
124
121
120
120
120
118
124
124
121
246
121
224
224
224
224
224
159
224
176
176
176
176
176
176
176
138
138
140
140
252
252
138
252
252
252
252
224
224
224
47
48
106
106
106
106
106
106
106
106
106
106
106
106
243
243
159
146
143
143
144
144
144
144
145
129
129
129
129
129
174
176
176
174
174
174
174
174
174
176
174
174
176
176
174
174
176
176
176
174
174
174
144
150
224
176
176
123
247
247
134
242
134
134
134
134
134
134
134
134
135
135
16
219
219
219
219
219
209
209
206
27
205
205
27
27
185
219
219
219
219
143
145
146
245
116
255
262
260
176
176
174
176
176
119
246
246
246
246
246
246
246
246
246
121
246
246
176
174
174
176
176
98
100
98
10
98
200
200
238
242
118
150
135
121
174
174
58
52
52
56
56
56
56
54
55
55
53
53
53
53
53
53
53
54
54
54
65
52
52
52
52
53
53
55
205
135
135
135
246
246
246
128
100
100
100
100
10
98
10
156
176
229
229
176
176
176
176
176
176
176
176
176
176
176
176
176
176
176
176
176
176
176
176
176
26
241
174
176
176
176
176
176
85
80
80
13
13
78
77
13
195
195
252
249
247
243
226
120
118
120
116
116
116
106
33
106
106
106
241
176
176
176
243
247
247
174
174
176
174
143
135
158
81
82
82
261
260
260
261
261
261
224
49
159
144
48
200
200
238
218
218
218
200
200
218
129
120
118
120
124
241
174
174
176
131
120
128
128
118
124
118
124
119
119
119
224
47
224
264
224
224
66
66
66
66
66
256
256
200
201
201
201
176
224
224
224
224
224
224
224
224
224
48
174
174
49
49
224
48
47
47
47
176
176
176
176
174
224
49
47
49
117
260
260
260
260
98
223
223
223
223
223
223
223
223
223
223
223
223
223
243
143
225
244
261
261
261
261
260
260
260
260
121
121
121
121
165
165
165
150
118
224
224
224
224
224
49
119
135
135
200
200
200
218
106
106
106
106
175
111
123
154
104
249
104
104
154
160
160
250
155
157
154
153
154
68
56
178
61
61
61
60
42
33
61
61
61
61
61
61
60
60
62
61
61
42
251
8
263
263
218
109
109
109
170
170
170
96
77
77
93
150
120
150
150
150
147
150
118
252
138
224
124
124
124
118
150
150
124
150
77
77
147
118
118
118
260
241
176
47
47
47
224
252
224
224
224
47
12
256
256
264
264
264
264
253
246
259
259
259
259
115
39
39
39
115
115
115
252
138
138
252
252
138
138
249
104
140
252
252
252
252
138
249
135
161
161
177
161
241
224
249
224
224
176
176
3
3
6
6
224
5
6
8
8
8
8
8
8
6
4
6
6
46
123
123
123
123
123
123
121
236
152
152
110
150
150
120
117
150
120
122
122
252
118
118
121
154
152
152
150
154
248
249
249
249
224
224
121
120
120
165
165
165
165
165
118
165
124
120
121
118
124
120
120
120
117
118
118
118
233
233
241
241
241
176
135
135
135
135
135
135
135
135
135
135
201
201
200
141
141
141
141
141
141
141
141
141
141
141
141
144
144
144
141
146
144
141
243
8
8
8
8
5
134
134
134
134
134
134
48
49
48
47
13
13
13
13
13
13
13
13
13
13
13
13
13
77
80
13
13
13
13
13
13
13
13
13
165
176
243
247
243
144
144
264
214
246
135
22
221
200
200
200
200
238
238
200
150
150
224
224
224
224
149
150
150
150
150
150
176
176
118
150
150
243
243
243
243
243
224
137
137
137
174
178
178
52
55
96
96
98
98
43
245
245
245
245
245
239
223
34
224
191
111
73
236
183
224
200
264
264
56
264
61
181
219
103
176
134
134
134
134
134
134
118
147
117
40
262
260
260
262
121
135
135
135
252
252
140
104
252
249
104
146
252
138
138
138
104
20
252
140
138
224
224
224
224
224
224
224
224
252
138
252
224
252
244
144
196
196
196
196
196
196
264
264
206
27
193
51
49
214
264
256
264
264
60
60
60
61
60
60
60
60
60
60
130
129
104
156
246
246
143
143
144
144
144
144
144
144
144
143
247
244
143
143
143
143
143
144
145
144
144
144
144
144
144
144
144
144
144
144
144
144
144
144
144
143
118
118
124
124
121
121
124
124
121
120
201
201
201
201
201
200
200
200
200
200
200
200
200
120
224
241
33
33
117
224
224
120
118
118
138
33
33
124
224
124
255
33
33
33
33
255
120
150
124
174
124
33
33
33
118
118
176
176
174
118
174
33
255
118
262
262
262
262
26
223
223
223
192
223
223
223
137
137
137
137
236
264
264
264
264
61
61
33
60
61
61
42
41
159
185
185
219
219
219
219
219
219
219
219
219
219
219
200
200
200
256
256
264
256
264
264
203
256
39
39
115
216
127
128
224
224
224
224
224
224
224
18
46
46
0
115
114
216
216
114
114
241
176
174
176
176
246
246
224
243
243
174
174
174
176
241
174
176
176
176
176
176
177
176
176
176
138
224
224
224
252
252
252
252
224
224
224
18
18
18
18
18
224
18
144
144
144
144
144
144
115
39
39
39
39
115
115
115
193
193
259
259
66
259
259
57
259
259
66
53
64
63
63
63
29
63
126
126
128
128
130
131
214
61
61
52
54
54
65
65
63
53
54
52
52
54
54
156
56
200
200
200
200
200
200
144
86
86
104
183
