1601
56.2 -43.65
156.82 35.95
159.91 35.95
156.82 32.32
159.91 32.32
156.82 28.69
159.91 28.69
156.82 25.06
159.91 25.06
156.82 21.43
159.91 21.43
156.82 17.8
159.91 17.8
156.82 14.16
159.91 14.16
156.82 10.53
159.91 10.53
156.82 6.9
159.91 6.9
156.82 3.27
159.91 3.27
156.82 -0.36
159.91 -0.36
156.82 -3.99
159.91 -3.99
156.82 -7.62
159.91 -7.62
156.82 -11.26
159.91 -11.26
156.82 -14.89
159.91 -14.89
156.82 -18.52
159.91 -18.52
156.82 -22.15
159.91 -22.15
156.82 -25.78
159.91 -25.78
156.82 -29.41
159.91 -29.41
154.37 -29.41
151.27 -29.41
154.37 -25.78
151.27 -25.78
154.37 -22.15
151.27 -22.15
154.37 -18.52
151.27 -18.52
154.37 -14.89
151.27 -14.89
154.37 -11.26
151.27 -11.26
154.37 -7.62
151.27 -7.62
154.37 -3.99
151.27 -3.99
154.37 -0.36
151.27 -0.36
154.37 3.27
151.27 3.27
154.37 6.9
151.27 6.9
154.37 10.53
151.27 10.53
154.37 14.16
151.27 14.16
154.37 17.8
151.27 17.8
154.37 21.43
151.27 21.43
154.37 25.06
151.27 25.06
154.37 28.69
151.27 28.69
154.37 32.32
151.27 32.32
154.37 35.95
151.27 35.95
145.73 35.95
148.82 35.95
145.73 32.32
148.82 32.32
145.73 28.69
148.82 28.69
145.73 25.06
148.82 25.06
145.73 21.43
148.82 21.43
145.73 17.8
148.82 17.8
145.73 14.16
148.82 14.16
145.73 10.53
148.82 10.53
145.73 6.9
148.82 6.9
145.73 3.27
148.82 3.27
145.73 -0.36
148.82 -0.36
145.73 -3.99
148.82 -3.99
145.73 -7.62
148.82 -7.62
145.73 -11.26
148.82 -11.26
145.73 -14.89
148.82 -14.89
145.73 -18.52
148.82 -18.52
145.73 -22.15
148.82 -22.15
145.73 -25.78
148.82 -25.78
145.73 -29.41
148.82 -29.41
143.28 -29.41
140.18 -29.41
143.28 -25.78
140.18 -25.78
143.28 -22.15
140.18 -22.15
143.28 -18.52
140.18 -18.52
143.28 -14.89
140.18 -14.89
143.28 -11.26
140.18 -11.26
143.28 -7.62
140.18 -7.62
143.28 -3.99
140.18 -3.99
143.28 -0.36
140.18 -0.36
143.28 3.27
140.18 3.27
143.28 6.9
140.18 6.9
143.28 10.53
140.18 10.53
143.28 14.16
140.18 14.16
143.28 17.8
140.18 17.8
143.28 21.43
140.18 21.43
143.28 25.06
140.18 25.06
143.28 28.69
140.18 28.69
143.28 32.32
140.18 32.32
143.28 35.95
140.18 35.95
134.63 35.95
137.73 35.95
134.63 32.32
137.73 32.32
134.63 28.69
137.73 28.69
134.63 25.06
137.73 25.06
134.63 21.43
137.73 21.43
134.63 17.8
137.73 17.8
134.63 14.16
137.73 14.16
134.63 10.53
137.73 10.53
134.63 6.9
137.73 6.9
134.63 3.27
137.73 3.27
134.63 -0.36
137.73 -0.36
134.63 -3.99
137.73 -3.99
134.63 -7.62
137.73 -7.62
134.63 -11.26
137.73 -11.26
134.63 -14.89
137.73 -14.89
134.63 -18.52
137.73 -18.52
134.63 -22.15
137.73 -22.15
134.63 -25.78
137.73 -25.78
134.63 -29.41
137.73 -29.41
132.18 -29.41
129.09 -29.41
132.18 -25.78
129.09 -25.78
132.18 -22.15
129.09 -22.15
132.18 -18.52
129.09 -18.52
132.18 -14.89
129.09 -14.89
132.18 -11.26
129.09 -11.26
132.18 -7.62
129.09 -7.62
132.18 -3.99
129.09 -3.99
132.18 -0.36
129.09 -0.36
132.18 3.27
129.09 3.27
132.18 6.9
129.09 6.9
132.18 10.53
129.09 10.53
132.18 14.16
129.09 14.16
132.18 17.8
129.09 17.8
132.18 21.43
129.09 21.43
132.18 25.06
129.09 25.06
132.18 28.69
129.09 28.69
132.18 32.32
129.09 32.32
132.18 35.95
129.09 35.95
123.54 35.95
126.64 35.95
123.54 32.32
126.64 32.32
123.54 28.69
126.64 28.69
123.54 25.06
126.64 25.06
123.54 21.43
126.64 21.43
123.54 17.8
126.64 17.8
123.54 14.16
126.64 14.16
123.54 10.53
126.64 10.53
123.54 6.9
126.64 6.9
123.54 3.27
126.64 3.27
123.54 -0.36
126.64 -0.36
123.54 -3.99
126.64 -3.99
123.54 -7.62
126.64 -7.62
123.54 -11.26
126.64 -11.26
123.54 -14.89
126.64 -14.89
123.54 -18.52
126.64 -18.52
123.54 -22.15
126.64 -22.15
123.54 -25.78
126.64 -25.78
123.54 -29.41
126.64 -29.41
121.09 -29.41
118.0 -29.41
121.09 -25.78
118.0 -25.78
121.09 -22.15
118.0 -22.15
121.09 -18.52
118.0 -18.52
121.09 -14.89
118.0 -14.89
121.09 -11.26
118.0 -11.26
121.09 -7.62
118.0 -7.62
121.09 -3.99
118.0 -3.99
121.09 -0.36
118.0 -0.36
121.09 3.27
118.0 3.27
121.09 6.9
118.0 6.9
121.09 10.53
118.0 10.53
121.09 14.16
118.0 14.16
121.09 17.8
118.0 17.8
121.09 21.43
118.0 21.43
121.09 25.06
118.0 25.06
121.09 28.69
118.0 28.69
121.09 32.32
118.0 32.32
121.09 35.95
118.0 35.95
112.45 35.95
115.55 35.95
112.45 32.32
115.55 32.32
112.45 28.69
115.55 28.69
112.45 25.06
115.55 25.06
112.45 21.43
115.55 21.43
112.45 17.8
115.55 17.8
112.45 14.16
115.55 14.16
112.45 10.53
115.55 10.53
112.45 6.9
115.55 6.9
112.45 3.27
115.55 3.27
112.45 -0.36
115.55 -0.36
112.45 -3.99
115.55 -3.99
112.45 -7.62
115.55 -7.62
112.45 -11.26
115.55 -11.26
112.45 -14.89
115.55 -14.89
112.45 -18.52
115.55 -18.52
112.45 -22.15
115.55 -22.15
112.45 -25.78
115.55 -25.78
112.45 -29.41
115.55 -29.41
108.51 -29.38
105.42 -29.38
108.51 -25.75
105.42 -25.75
108.51 -22.12
105.42 -22.12
108.51 -18.49
105.42 -18.49
108.51 -14.86
105.42 -14.86
108.51 -11.23
105.42 -11.23
108.51 -7.59
105.42 -7.59
108.51 -3.96
105.42 -3.96
108.51 -0.33
105.42 -0.33
108.51 3.3
105.42 3.3
108.51 6.93
105.42 6.93
108.51 10.56
105.42 10.56
108.51 14.19
105.42 14.19
108.51 17.83
105.42 17.83
108.51 21.46
105.42 21.46
108.51 25.09
105.42 25.09
108.51 28.72
105.42 28.72
108.51 32.35
105.42 32.35
108.51 35.98
105.42 35.98
99.87 35.98
102.97 35.98
99.87 32.35
102.97 32.35
99.87 28.72
102.97 28.72
99.87 25.09
102.97 25.09
99.87 21.46
102.97 21.46
99.87 17.83
102.97 17.83
99.87 14.19
102.97 14.19
99.87 10.56
102.97 10.56
99.87 6.93
102.97 6.93
99.87 3.3
102.97 3.3
99.87 -0.33
102.97 -0.33
99.87 -3.96
102.97 -3.96
99.87 -7.59
102.97 -7.59
99.87 -11.23
102.97 -11.23
99.87 -14.86
102.97 -14.86
99.87 -18.49
102.97 -18.49
99.87 -22.12
102.97 -22.12
99.87 -25.75
102.97 -25.75
99.87 -29.38
102.97 -29.38
97.42 -29.38
94.33 -29.38
97.42 -25.75
94.33 -25.75
97.42 -22.12
94.33 -22.12
97.42 -18.49
94.33 -18.49
97.42 -14.86
94.33 -14.86
97.42 -11.23
94.33 -11.23
97.42 -7.59
94.33 -7.59
97.42 -3.96
94.33 -3.96
97.42 -0.33
94.33 -0.33
97.42 3.3
94.33 3.3
97.42 6.93
94.33 6.93
97.42 10.56
94.33 10.56
97.42 14.19
94.33 14.19
97.42 17.83
94.33 17.83
97.42 21.46
94.33 21.46
97.42 25.09
94.33 25.09
97.42 28.72
94.33 28.72
97.42 32.35
94.33 32.35
97.42 35.98
94.33 35.98
88.78 35.98
91.88 35.98
88.78 32.35
91.88 32.35
88.78 28.72
91.88 28.72
88.78 25.09
91.88 25.09
88.78 21.46
91.88 21.46
88.78 17.83
91.88 17.83
88.78 14.19
91.88 14.19
88.78 10.56
91.88 10.56
88.78 6.93
91.88 6.93
88.78 3.3
91.88 3.3
88.78 -0.33
91.88 -0.33
88.78 -3.96
91.88 -3.96
88.78 -7.59
91.88 -7.59
88.78 -11.23
91.88 -11.23
88.78 -14.86
91.88 -14.86
88.78 -18.49
91.88 -18.49
88.78 -22.12
91.88 -22.12
88.78 -25.75
91.88 -25.75
88.78 -29.38
91.88 -29.38
86.33 -29.38
83.23 -29.38
86.33 -25.75
83.23 -25.75
86.33 -22.12
83.23 -22.12
86.33 -18.49
83.23 -18.49
86.33 -14.86
83.23 -14.86
86.33 -11.23
83.23 -11.23
86.33 -7.59
83.23 -7.59
86.33 -3.96
83.23 -3.96
86.33 -0.33
83.23 -0.33
86.33 3.3
83.23 3.3
86.33 6.93
83.23 6.93
86.33 10.56
83.23 10.56
86.33 14.19
83.23 14.19
86.33 17.83
83.23 17.83
86.33 21.46
83.23 21.46
86.33 25.09
83.23 25.09
86.33 28.72
83.23 28.72
86.33 32.35
83.23 32.35
86.33 35.98
83.23 35.98
77.69 35.98
80.78 35.98
77.69 32.35
80.78 32.35
77.69 28.72
80.78 28.72
77.69 25.09
80.78 25.09
77.69 21.46
80.78 21.46
77.69 17.83
80.78 17.83
77.69 14.19
80.78 14.19
77.69 10.56
80.78 10.56
77.69 6.93
80.78 6.93
77.69 3.3
80.78 3.3
77.69 -0.33
80.78 -0.33
77.69 -3.96
80.78 -3.96
77.69 -7.59
80.78 -7.59
77.69 -11.23
80.78 -11.23
77.69 -14.86
80.78 -14.86
77.69 -18.49
80.78 -18.49
77.69 -22.12
80.78 -22.12
77.69 -25.75
80.78 -25.75
77.69 -29.38
80.78 -29.38
75.24 -29.38
72.14 -29.38
75.24 -25.75
72.14 -25.75
75.24 -22.12
72.14 -22.12
75.24 -18.49
72.14 -18.49
75.24 -14.86
72.14 -14.86
75.24 -11.23
72.14 -11.23
75.24 -7.59
72.14 -7.59
75.24 -3.96
72.14 -3.96
75.24 -0.33
72.14 -0.33
75.24 3.3
72.14 3.3
75.24 6.93
72.14 6.93
75.24 10.56
72.14 10.56
75.24 14.19
72.14 14.19
75.24 17.83
72.14 17.83
75.24 21.46
72.14 21.46
75.24 25.09
72.14 25.09
74.58 28.72
72.14 28.72
74.56 32.35
72.14 32.35
75.24 35.98
72.14 35.98
66.6 35.98
69.69 35.98
66.6 32.35
69.69 32.35
66.6 28.72
69.69 28.72
66.6 25.09
69.69 25.09
66.6 21.46
69.69 21.46
66.6 17.83
69.69 17.83
66.6 14.19
69.69 14.19
66.6 10.56
69.69 10.56
66.6 6.93
69.69 6.93
66.6 3.3
69.69 3.3
66.6 -0.33
69.69 -0.33
66.6 -3.96
69.69 -3.96
66.6 -7.59
69.69 -7.59
66.6 -11.23
69.69 -11.23
66.6 -14.86
69.69 -14.86
66.6 -18.49
69.69 -18.49
66.6 -22.12
69.69 -22.12
66.6 -25.75
69.69 -25.75
66.6 -29.38
69.69 -29.38
64.15 -29.38
61.05 -29.38
64.15 -25.75
61.05 -25.75
64.15 -22.12
61.05 -22.12
64.15 -18.49
61.05 -18.49
64.15 -14.86
61.05 -14.86
64.15 -11.23
61.05 -11.23
64.15 -7.59
61.05 -7.59
64.15 -3.96
61.05 -3.96
64.15 -0.33
61.05 -0.33
64.15 3.3
61.05 3.3
64.15 6.93
61.05 6.93
64.15 10.56
61.05 10.56
64.15 14.19
61.05 14.19
64.15 17.83
61.05 17.83
64.15 21.46
61.05 21.46
64.15 25.09
61.05 25.09
64.15 28.72
61.05 28.72
64.15 32.35
61.05 32.35
64.15 35.98
61.05 35.98
56.72 -29.38
53.63 -29.38
56.72 -25.75
53.63 -25.75
56.72 -22.12
53.63 -22.12
56.72 -18.49
53.63 -18.49
56.72 -14.86
53.63 -14.86
56.72 -11.23
53.63 -11.23
56.72 -7.59
53.63 -7.59
56.72 -3.96
53.63 -3.96
48.08 -3.96
51.18 -3.96
48.08 -7.59
51.18 -7.59
48.08 -11.23
51.18 -11.23
48.08 -14.86
51.18 -14.86
48.08 -18.49
51.18 -18.49
48.08 -22.12
51.18 -22.12
48.08 -25.75
51.18 -25.75
48.08 -29.38
51.18 -29.38
45.63 -29.38
42.54 -29.38
45.63 -25.75
42.54 -25.75
45.63 -22.12
42.54 -22.12
45.63 -18.49
42.54 -18.49
45.63 -14.86
42.54 -14.86
45.63 -11.23
42.54 -11.23
45.63 -7.59
42.54 -7.59
45.63 -3.96
42.54 -3.96
36.99 -3.96
40.09 -3.96
36.99 -7.59
40.09 -7.59
36.99 -11.23
40.09 -11.23
36.99 -14.86
40.09 -14.86
36.99 -18.49
40.09 -18.49
36.99 -22.12
40.09 -22.12
36.99 -25.75
40.09 -25.75
36.99 -29.38
40.09 -29.38
34.54 -29.38
31.44 -29.38
34.54 -25.75
31.44 -25.75
34.54 -22.12
31.44 -22.12
34.54 -18.49
31.44 -18.49
34.54 -14.86
31.44 -14.86
34.54 -11.23
31.44 -11.23
34.54 -7.59
31.44 -7.59
34.54 -3.96
31.44 -3.96
31.44 -0.33
31.44 3.3
31.44 6.93
31.44 10.56
31.44 14.19
31.44 17.83
31.44 21.46
31.44 25.09
31.44 28.72
31.44 32.35
31.44 35.98
25.9 35.98
28.99 35.98
25.9 32.35
28.99 32.35
25.9 28.72
28.99 28.72
25.9 25.09
28.99 25.09
25.9 21.46
28.99 21.46
25.9 17.83
28.99 17.83
25.9 14.19
28.99 14.19
25.9 10.56
28.99 10.56
25.9 6.93
28.99 6.93
25.9 3.3
28.99 3.3
25.9 -0.33
28.99 -0.33
25.9 -3.96
28.99 -3.96
25.9 -7.59
28.99 -7.59
25.9 -11.23
28.99 -11.23
25.9 -14.86
28.99 -14.86
25.9 -18.49
28.99 -18.49
25.9 -22.12
28.99 -22.12
25.9 -25.75
28.99 -25.75
25.9 -29.38
28.99 -29.38
23.45 -29.38
20.35 -29.38
23.45 -25.75
20.35 -25.75
23.45 -22.12
20.35 -22.12
23.45 -18.49
20.35 -18.49
23.45 -14.86
20.35 -14.86
23.45 -11.23
20.35 -11.23
23.45 -7.59
20.35 -7.59
23.45 -3.96
20.35 -3.96
23.45 -0.33
20.35 -0.33
23.45 3.3
20.35 3.3
23.45 6.93
20.35 6.93
23.45 10.56
20.35 10.56
23.45 14.19
20.35 14.19
23.45 17.83
20.35 17.83
23.45 21.46
20.35 21.46
23.45 25.09
20.35 25.09
23.45 28.72
20.35 28.72
23.45 32.35
20.35 32.35
23.45 35.98
20.35 35.98
14.81 35.98
17.9 35.98
14.81 32.35
17.9 32.35
14.81 28.72
17.9 28.72
14.81 25.09
17.9 25.09
14.81 21.46
17.9 21.46
14.81 17.83
17.9 17.83
14.81 14.19
17.9 14.19
14.81 10.56
17.9 10.56
14.81 6.93
17.9 6.93
14.81 3.3
17.9 3.3
14.81 -0.33
17.9 -0.33
14.81 -3.96
17.9 -3.96
14.81 -7.59
17.9 -7.59
14.81 -11.23
17.9 -11.23
14.81 -14.86
17.9 -14.86
14.81 -18.49
17.9 -18.49
14.81 -22.12
17.9 -22.12
14.81 -25.75
17.9 -25.75
14.81 -29.38
17.9 -29.38
12.36 -29.38
9.26 -29.38
12.36 -25.75
9.26 -25.75
12.36 -22.12
9.26 -22.12
12.36 -18.49
9.26 -18.49
12.36 -14.86
9.26 -14.86
12.36 -11.23
9.26 -11.23
12.36 -7.59
9.26 -7.59
12.36 -3.96
9.26 -3.96
12.36 -0.33
9.26 -0.33
12.36 3.3
9.26 3.3
12.36 6.93
9.26 6.93
12.36 10.56
9.26 10.56
12.36 14.19
9.26 14.19
12.36 17.83
9.26 17.83
12.36 21.46
9.26 21.46
12.36 25.09
9.26 25.09
12.36 28.72
9.26 28.72
12.36 32.35
9.26 32.35
12.36 35.98
9.26 35.98
2.12 35.98
5.21 35.98
2.12 32.35
5.21 32.35
2.12 28.72
5.21 28.72
2.12 25.09
5.21 25.09
2.12 21.46
5.21 21.46
2.12 17.83
5.21 17.83
2.12 14.19
5.21 14.19
2.12 10.56
5.21 10.56
2.12 6.93
5.21 6.93
2.12 3.3
5.21 3.3
2.12 -0.33
5.21 -0.33
2.12 -3.96
5.21 -3.96
2.12 -7.59
5.21 -7.59
2.12 -11.23
5.21 -11.23
2.12 -14.86
5.21 -14.86
2.12 -18.49
5.21 -18.49
2.12 -22.12
5.21 -22.12
2.12 -25.75
5.21 -25.75
2.12 -29.38
5.21 -29.38
-0.33 -29.38
-3.43 -29.38
-0.33 -25.75
-3.43 -25.75
-0.33 -22.12
-3.43 -22.12
-0.33 -18.49
-3.43 -18.49
-0.33 -14.86
-3.43 -14.86
-0.33 -11.23
-3.43 -11.23
-0.33 -7.59
-3.43 -7.59
-0.33 -3.96
-3.43 -3.96
-0.33 -0.33
-3.43 -0.33
-0.33 3.3
-3.43 3.3
-0.33 6.93
-3.43 6.93
-0.33 10.56
-3.43 10.56
-0.33 14.19
-3.43 14.19
-0.33 17.83
-3.43 17.83
-0.33 21.46
-3.43 21.46
-0.33 25.09
-3.43 25.09
-0.33 28.72
-3.43 28.72
-0.33 32.35
-3.43 32.35
-0.33 35.98
-3.43 35.98
-8.97 35.98
-5.88 35.98
-8.97 32.35
-5.88 32.35
-8.97 28.72
-5.88 28.72
-8.97 25.09
-5.88 25.09
-8.97 21.46
-5.88 21.46
-8.97 17.83
-5.88 17.83
-8.97 14.19
-5.88 14.19
-8.97 10.56
-5.88 10.56
-8.97 6.93
-5.88 6.93
-8.97 3.3
-5.88 3.3
-8.97 -0.33
-5.88 -0.33
-8.97 -3.96
-5.88 -3.96
-8.97 -7.59
-5.88 -7.59
-8.97 -11.23
-5.88 -11.23
-8.97 -14.86
-5.88 -14.86
-8.97 -18.49
-5.88 -18.49
-8.97 -22.12
-5.88 -22.12
-8.97 -25.75
-5.88 -25.75
-8.97 -29.38
-5.88 -29.38
-11.42 -29.38
-14.52 -29.38
-11.42 -25.75
-14.52 -25.75
-11.42 -22.12
-14.52 -22.12
-11.42 -18.49
-14.52 -18.49
-11.42 -14.86
-14.52 -14.86
-11.42 -11.23
-14.52 -11.23
-11.42 -7.59
-14.52 -7.59
-11.42 -3.96
-14.52 -3.96
-11.42 -0.33
-14.52 -0.33
-11.42 3.3
-14.52 3.3
-11.42 6.93
-14.52 6.93
-11.42 10.56
-14.52 10.56
-11.42 14.19
-14.52 14.19
-11.42 17.83
-14.52 17.83
-11.42 21.46
-14.52 21.46
-11.42 25.09
-14.52 25.09
-11.42 28.72
-14.52 28.72
-11.42 32.35
-14.52 32.35
-11.42 35.98
-14.52 35.98
-20.07 35.98
-16.97 35.98
-20.07 32.35
-16.97 32.35
-20.07 28.72
-16.97 28.72
-20.07 25.09
-16.97 25.09
-20.07 21.46
-16.97 21.46
-20.07 17.83
-16.97 17.83
-20.07 14.19
-16.97 14.19
-20.07 10.56
-16.97 10.56
-20.07 6.93
-16.97 6.93
-20.07 3.3
-16.97 3.3
-20.07 -0.33
-16.97 -0.33
-20.07 -3.96
-16.97 -3.96
-20.07 -7.59
-16.97 -7.59
-20.07 -11.23
-16.97 -11.23
-20.07 -14.86
-16.97 -14.86
-20.07 -18.49
-16.97 -18.49
-20.07 -22.12
-16.97 -22.12
-20.07 -25.75
-17.65 -25.75
-20.07 -29.38
-16.97 -29.38
-22.52 -29.38
-25.61 -29.38
-22.52 -25.75
-25.61 -25.75
-23.19 -22.12
-24.94 -22.12
-23.19 -18.49
-24.94 -18.49
-23.19 -14.86
-24.94 -14.86
-23.19 -11.23
-24.94 -11.23
-23.19 -7.59
-25.61 -7.59
-23.19 -3.96
-24.94 -3.96
-23.19 -0.33
-24.94 -0.33
-22.52 3.3
-25.61 3.3
-23.19 6.93
-25.61 6.93
-23.19 10.56
-25.61 10.56
-23.19 14.19
-25.61 14.19
-23.19 17.83
-25.61 17.83
-22.52 21.46
-25.61 21.46
-22.52 25.09
-25.61 25.09
-22.52 28.72
-25.61 28.72
-22.52 32.35
-25.61 32.35
-22.52 35.98
-25.61 35.98
-30.48 35.98
-28.06 35.98
-30.48 32.35
-28.06 32.35
-30.48 28.72
-28.06 28.72
-30.48 25.09
-28.06 25.09
-30.48 21.46
-28.06 21.46
-30.48 17.83
-28.06 17.83
-30.48 14.19
-28.06 14.19
-30.48 10.56
-28.06 10.56
-30.48 6.93
-28.06 6.93
-31.16 3.3
-28.06 3.3
-30.48 -0.33
-28.06 -0.33
-30.48 -3.96
-28.06 -3.96
-30.48 -7.59
-28.06 -7.59
-30.48 -11.23
-28.06 -11.23
-30.48 -14.86
-28.06 -14.86
-30.48 -18.49
-28.06 -18.49
-30.48 -22.12
-28.06 -22.12
-30.48 -25.75
-28.06 -25.75
-31.16 -29.38
-28.06 -29.38
-33.61 -29.38
-36.7 -29.38
-33.61 -25.75
-36.7 -25.75
-33.61 -22.12
-36.7 -22.12
-33.61 -18.49
-36.7 -18.49
-33.61 -14.86
-36.7 -14.86
-33.61 -11.23
-36.7 -11.23
-33.61 -7.59
-36.7 -7.59
-33.61 -3.96
-36.7 -3.96
-33.61 -0.33
-36.7 -0.33
-33.61 3.3
-36.7 3.3
-33.61 6.93
-36.7 6.93
-33.61 10.56
-36.7 10.56
-33.61 14.19
-36.7 14.19
-33.61 17.83
-36.7 17.83
-33.61 21.46
-36.7 21.46
-33.61 25.09
-36.7 25.09
-33.61 28.72
-36.7 28.72
-33.61 32.35
-36.7 32.35
-33.61 35.98
-36.7 35.98
-42.25 35.98
-39.83 35.98
-42.25 32.35
-39.83 32.35
-42.25 28.72
-39.83 28.72
-42.25 25.09
-39.83 25.09
-42.25 21.46
-39.83 21.46
-42.25 17.83
-39.83 17.83
-42.25 14.19
-39.83 14.19
-42.25 10.56
-39.83 10.56
-42.25 6.93
-39.83 6.93
-42.25 3.3
-39.15 3.3
-42.25 -0.33
-39.83 -0.33
-42.25 -3.96
-39.83 -3.96
-42.25 -7.59
-39.83 -7.59
-42.25 -11.23
-39.83 -11.23
-42.25 -14.86
-39.83 -14.86
-42.25 -18.49
-39.83 -18.49
-42.25 -22.12
-39.83 -22.12
-42.25 -25.75
-39.83 -25.75
-42.25 -29.38
-39.83 -29.38
-45.85 -29.38
-48.94 -29.38
-45.85 -25.75
-48.94 -25.75
-45.85 -22.12
-48.94 -22.12
-45.85 -18.49
-48.94 -18.49
-45.85 -14.86
-48.94 -14.86
-45.85 -11.23
-48.94 -11.23
-45.85 -7.59
-48.94 -7.59
-45.85 -3.96
-48.94 -3.96
-45.85 -0.33
-48.94 -0.33
-45.85 3.3
-48.94 3.3
-45.85 6.93
-48.94 6.93
-45.85 10.56
-48.94 10.56
-45.85 14.19
-48.94 14.19
-45.85 17.83
-48.94 17.83
-45.85 21.46
-48.94 21.46
-45.85 25.09
-48.94 25.09
-45.85 28.72
-48.94 28.72
-45.85 32.35
-48.94 32.35
-45.85 35.98
-48.94 35.98
-54.49 35.98
-51.39 35.98
-54.49 32.35
-51.39 32.35
-54.49 28.72
-51.39 28.72
-54.49 25.09
-51.39 25.09
-54.49 21.46
-52.07 21.46
-54.49 17.83
-52.07 17.83
-54.49 14.19
-52.07 14.19
-54.49 10.56
-52.07 10.56
-54.49 6.93
-52.07 6.93
-54.49 3.3
-51.39 3.3
-54.49 -0.33
-52.07 -0.33
-54.49 -3.96
-51.39 -3.96
-54.49 -7.59
-51.39 -7.59
-54.49 -11.23
-51.39 -11.23
-54.49 -14.86
-51.39 -14.86
-54.49 -18.49
-51.39 -18.49
-54.49 -22.12
-51.39 -22.12
-54.49 -25.75
-51.39 -25.75
-54.49 -29.38
-51.39 -29.38
-57.61 -29.38
-60.04 -29.38
-57.61 -25.75
-60.04 -25.75
-57.61 -22.12
-59.36 -22.12
-57.61 -18.49
-59.36 -18.49
-57.61 -14.86
-59.36 -14.86
-57.61 -11.23
-59.36 -11.23
-57.61 -7.59
-60.04 -7.59
-57.61 -3.96
-59.36 -3.96
-57.61 -0.33
-59.36 -0.33
-56.94 3.3
-60.04 3.3
-56.94 6.93
-60.04 6.93
-56.94 10.56
-60.04 10.56
-56.94 14.19
-60.04 14.19
-56.94 17.83
-60.04 17.83
-56.94 21.46
-60.04 21.46
-56.94 25.09
-60.04 25.09
-56.94 28.72
-60.04 28.72
-56.94 32.35
-60.04 32.35
-56.94 35.98
-60.04 35.98
-65.58 35.98
-62.49 35.98
-65.58 32.35
-62.49 32.35
-65.58 28.72
-62.49 28.72
-65.58 25.09
-62.49 25.09
-65.58 21.46
-62.49 21.46
-65.58 17.83
-62.49 17.83
-65.58 14.19
-62.49 14.19
-65.58 10.56
-62.49 10.56
-65.58 6.93
-62.49 6.93
-65.58 3.3
-62.49 3.3
-65.58 -0.33
-62.49 -0.33
-65.58 -3.96
-62.49 -3.96
-65.58 -7.59
-62.49 -7.59
-65.58 -11.23
-62.49 -11.23
-65.58 -14.86
-62.49 -14.86
-65.58 -18.49
-62.49 -18.49
-65.58 -22.12
-62.49 -22.12
-65.58 -25.75
-62.49 -25.75
-65.58 -29.38
-62.49 -29.38
-68.71 -29.38
-71.13 -29.38
-68.71 -25.75
-70.45 -25.75
-68.71 -22.12
-70.45 -22.12
-68.71 -18.49
-70.45 -18.49
-68.71 -14.86
-70.45 -14.86
-68.71 -11.23
-71.13 -11.23
-68.71 -7.59
-70.45 -7.59
-68.71 -3.96
-70.45 -3.96
-68.71 -0.33
-70.45 -0.33
-68.03 3.3
-71.13 3.3
-68.03 6.93
-70.45 6.93
-68.03 10.56
-70.45 10.56
-68.03 14.19
-70.45 14.19
-68.03 17.83
-71.13 17.83
-68.03 21.46
-71.13 21.46
-68.03 25.09
-71.13 25.09
-68.03 28.72
-70.45 28.72
-68.03 32.35
-70.45 32.35
-68.03 35.98
-70.45 35.98
-76.67 35.98
-73.58 35.98
-76.67 32.35
-73.58 32.35
-76.67 28.72
-73.58 28.72
-76.67 25.09
-74.25 25.09
-76.67 21.46
-74.25 21.46
-76.67 17.83
-74.25 17.83
-76.67 14.19
-73.58 14.19
-76.67 10.56
-73.58 10.56
-76.67 6.93
-73.58 6.93
-76.67 3.3
-73.58 3.3
-76.67 -0.33
-73.58 -0.33
-76.67 -3.96
-73.58 -3.96
-76.67 -7.59
-73.58 -7.59
-76.67 -11.23
-73.58 -11.23
-76.67 -14.86
-73.58 -14.86
-76.67 -18.49
-73.58 -18.49
-76.67 -22.12
-73.58 -22.12
-76.67 -25.75
-73.58 -25.75
-76.67 -29.38
-73.58 -29.38
-80.24 -29.38
-83.33 -29.38
-80.24 -25.75
-83.33 -25.75
-80.24 -22.12
-83.33 -22.12
-80.24 -18.49
-83.33 -18.49
-80.24 -7.59
-83.33 -7.59
-80.24 -3.96
-83.33 -3.96
-80.24 -0.33
-83.33 -0.33
-80.24 3.3
-83.33 3.3
-80.24 6.93
-83.33 6.93
-80.24 10.56
-83.33 10.56
-80.24 14.19
-83.33 14.19
-80.24 17.83
-83.33 17.83
-80.24 21.46
-83.33 21.46
-80.24 25.09
-82.66 25.09
-80.24 28.72
-82.66 28.72
-80.24 32.35
-82.66 32.35
-80.24 35.98
-83.33 35.98
-88.88 35.98
-86.46 35.98
-88.88 32.35
-85.78 32.35
-88.88 28.72
-85.78 28.72
-88.88 25.09
-85.78 25.09
-88.88 21.46
-86.46 21.46
-88.88 17.83
-86.46 17.83
-88.88 14.19
-86.46 14.19
-88.88 10.56
-86.46 10.56
-88.2 6.93
-86.46 6.93
-88.2 3.3
-86.46 3.3
-88.2 -0.33
-86.46 -0.33
-88.2 -3.96
-86.46 -3.96
-88.88 -7.59
-85.78 -7.59
-88.88 -18.49
-85.78 -18.49
-88.88 -22.12
-85.78 -22.12
-88.88 -25.75
-85.78 -25.75
-88.88 -29.38
-85.78 -29.38
-91.33 -29.38
-94.42 -29.38
-91.33 -25.75
-94.42 -25.75
-91.33 -22.12
-94.42 -22.12
-91.33 -18.49
-94.42 -18.49
-91.33 -7.59
-94.42 -7.59
-91.33 -3.96
-94.42 -3.96
-91.33 -0.33
-94.42 -0.33
-91.33 3.3
-94.42 3.3
-91.33 6.93
-94.42 6.93
-91.33 10.56
-94.42 10.56
-91.33 14.19
-94.42 14.19
-91.33 17.83
-94.42 17.83
-91.33 21.46
-94.42 21.46
-91.33 25.09
-94.42 25.09
-91.33 28.72
-94.42 28.72
-91.33 32.35
-94.42 32.35
-91.33 35.98
-94.42 35.98
54.2 -43.65
