25
13 0 1 2 3 4 5 6 7 8 9 10 11 12
13 0 1 2 3 4 5 6 7 8 9 10 11 12
13 0 1 2 3 4 5 6 7 8 9 10 11 12
7 2 4 5 6 7 8 9
13 0 1 2 3 4 5 6 7 8 9 10 11 12
13 0 1 2 3 4 5 6 7 8 9 10 11 12
13 0 1 2 3 4 5 6 7 8 9 10 11 12
13 0 1 2 3 4 5 6 7 8 9 10 11 12
13 0 1 2 3 4 5 6 7 8 9 10 11 12
13 0 1 2 3 4 5 6 7 8 9 10 11 12
13 0 1 2 3 4 5 6 7 8 9 10 11 12
13 0 1 2 3 4 5 6 7 8 9 10 11 12
13 0 1 2 3 4 5 6 7 8 9 10 11 12
13 0 1 2 3 4 5 6 7 8 9 10 11 12
5 3 4 7 8 11
13 0 1 2 3 4 5 6 7 8 9 10 11 12
13 0 1 2 3 4 5 6 7 8 9 10 11 12
13 0 1 2 3 4 5 6 7 8 9 10 11 12
13 0 1 2 3 4 5 6 7 8 9 10 11 12
13 0 1 2 3 4 5 6 7 8 9 10 11 12
4 0 7 8 9
13 0 1 2 3 4 5 6 7 8 9 10 11 12
13 0 1 2 3 4 5 6 7 8 9 10 11 12
13 0 1 2 3 4 5 6 7 8 9 10 11 12
9 1 2 3 4 5 7 8 10 12
