7391
1239
1359
1105
1103
1105
1100
1096
1100
1100
1094
1325
881
697
848
1354
1353
1353
863
817
1162
457
439
442
441
456
433
456
451
446
449
454
445
1321
1297
1293
1308
1360
1373
1054
1379
1373
1386
1385
1399
1380
1388
1055
1067
1064
1071
1081
1062
1090
1056
1073
1076
1063
1090
1048
1048
1064
1074
1045
546
550
558
562
545
1293
1299
952
940
824
849
1427
1427
1434
1293
518
1414
527
487
595
537
540
539
524
490
483
480
522
512
485
479
490
469
484
532
471
528
490
1353
1223
1235
1206
1229
1208
1220
1217
1226
1231
1211
1226
1219
1224
577
576
574
1363
1363
1255
1249
1313
441
449
1470
1405
8
574
573
572
1464
576
604
573
571
570
573
21
16
605
942
991
1478
417
363
408
390
343
1287
379
1246
1363
891
1247
613
638
1092
1092
1222
1227
1233
1130
1132
1453
1448
1457
1450
1447
1459
1450
1446
1452
1459
1451
1127
1127
1128
1063
1249
382
999
932
1035
955
1400
1367
1053
1451
944
933
1034
986
980
1028
902
1367
1317
1404
1401
917
1253
1311
1374
1379
1376
1390
1390
471
500
483
1287
1293
1320
1299
1299
1320
1469
1134
1291
1319
1247
1475
1470
1293
1299
1295
1465
608
1055
1054
938
950
435
3
6
1045
1077
1073
1067
1405
1315
1471
1110
1123
1126
1109
1125
1122
1112
1124
1115
1123
1125
691
710
775
864
810
711
877
796
1219
1223
1255
1243
1243
1245
1245
1245
1243
1245
1244
1245
1243
1243
1245
180
214
167
1417
1413
1408
1080
1328
327
293
320
238
321
274
305
311
277
283
314
259
1095
1095
1094
1102
1351
1345
1339
1344
49
1346
54
1338
1354
1358
1362
1328
1223
1207
1329
788
71
1266
1274
1268
1211
1222
1233
790
231
1127
1127
1162
1168
1201
1422
280
271
104
1233
1227
1241
1220
1229
1226
1224
1230
1274
1268
1236
1219
1231
1239
1230
1217
1214
1218
1229
1241
1218
1217
1211
1222
1233
1214
1219
1219
1221
1229
1223
1219
1226
1221
1227
1226
1215
1231
1215
1227
1210
1209
1206
1209
1207
1208
1224
1235
1215
1223
1219
1222
1237
34
25
23
63
1261
53
466
742
1297
1293
1321
555
1430
429
1475
1261
1115
1125
29
1015
918
14
817
188
367
441
483
1432
1185
1424
540
371
63
15
13
12
1311
1110
669
1091
1057
1430
37
351
594
1177
1088
31
901
1043
1293
1434
831
1261
21
550
1361
136
895
321
13
829
704
139
1376
1182
1425
792
1344
1058
1348
1374
1197
1392
1477
1167
1343
1338
936
774
1348
463
1466
1334
205
1348
1362
1106
39
1317
1334
1176
618
1473
1387
190
1287
237
428
1456
1092
1252
284
250
273
1259
1328
861
818
782
827
778
769
769
746
768
612
630
618
605
611
1273
1094
1106
1104
1094
1100
1096
1328
1127
1130
1456
1457
1451
1453
263
262
325
239
321
307
612
1317
750
1411
1418
1413
1407
1182
1199
1200
1199
1182
1360
1406
1405
1300
1297
405
395
723
957
947
887
1016
922
904
993
998
936
995
988
895
923
956
945
1021
1035
326
274
402
1255
306
176
724
878
869
786
854
740
819
1178
1430
549
569
191
1442
874
184
1329
754
1168
1200
825
1190
1431
1181
683
194
1185
1166
1353
1198
865
732
865
862
732
853
747
839
1409
1158
1199
1126
786
802
741
182
1426
1073
86
1123
1112
1344
1330
64
1168
1415
1417
1418
1417
1416
1407
180
163
151
834
709
763
140
203
93
233
1195
1097
300
271
250
300
299
297
1356
1102
525
501
485
481
537
470
532
539
1285
1368
1363
1362
921
1199
1179
1170
1185
1198
1188
1426
1429
658
1193
1166
229
1247
1248
1159
1166
1168
1205
1170
1204
1176
1170
1150
727
754
737
1184
1176
1414
821
863
201
198
137
684
644
660
649
645
659
655
667
700
687
659
663
655
646
713
868
756
729
844
785
1417
1406
215
378
433
423
360
407
392
347
375
337
352
1359
1360
1356
975
932
953
992
1015
1404
1406
1406
1404
974
1013
1010
958
1011
890
916
1438
1443
1436
238
202
192
137
219
154
77
158
91
235
213
186
232
129
230
68
92
925
225
1421
860
102
191
1180
1360
1140
242
318
245
304
252
288
284
1256
1177
275
319
281
268
242
298
279
327
287
281
182
1437
1467
1469
1471
1477
1471
1477
1126
444
454
445
459
449
434
460
1477
1474
1473
1480
1475
1467
919
1138
100
114
213
1187
780
762
868
879
843
718
848
1186
1197
838
150
83
103
163
128
67
207
226
97
191
205
74
158
1092
1269
1269
1278
1269
1275
1267
534
265
1196
1424
1432
1424
1420
1187
1160
123
139
207
535
1344
1334
1347
1340
1344
1344
1338
1344
1340
1332
1351
1340
1338
1346
1342
1339
1350
1352
42
1340
1336
1331
302
259
315
278
239
1275
1274
1271
1266
1267
1272
168
1248
1246
231
103
218
140
178
166
91
181
98
179
178
223
232
223
125
200
173
166
178
190
136
1455
1457
1449
1457
1447
1454
1453
1461
581
584
603
595
607
634
581
672
722
726
1410
1416
1198
1045
1051
1055
392
375
346
1438
194
205
109
73
1356
1356
1356
1357
1356
1359
138
986
974
920
338
620
1208
1229
1142
1133
1140
1138
1057
771
860
784
192
203
118
751
827
464
489
1475
1469
1474
492
142
1204
1166
1162
135
101
105
124
1172
1178
1436
1438
139
1471
84
1197
1186
1196
1153
1176
1172
1205
558
858
861
1273
1342
785
749
724
1096
1100
1096
25
48
535
510
535
821
842
736
801
823
781
865
802
846
79
1416
1415
1416
1409
131
78
854
837
159
1417
1407
99
1144
1135
1278
641
581
594
619
587
605
600
635
605
641
606
609
639
622
1359
1016
964
888
1425
1428
1429
1018
996
1368
1148
1140
1133
1138
1144
1133
1141
1146
1135
1149
1182
1155
1178
1413
726
721
780
878
1415
1411
332
322
290
320
240
1473
1287
537
345
430
396
391
349
426
1401
403
335
384
424
1256
1257
1126
1109
1122
1122
1265
858
1265
1263
1256
1257
1263
1259
1257
1113
1344
1336
1330
105
343
381
411
417
415
360
413
392
383
353
422
427
385
336
425
1230
542
520
488
473
1474
1463
1471
1463
1475
1463
11
10
12
1370
1328
1329
1328
1127
1425
1420
1427
1434
1432
1423
681
1189
1422
1434
1432
1430
1172
1421
1420
545
1422
1428
1434
1148
1427
230
69
1417
1410
1348
705
696
704
793
860
733
1416
1413
1295
1293
1401
1296
1321
1297
1319
23
49
56
43
1087
1085
1066
1064
1090
1043
1047
1111
1121
1115
682
691
706
686
689
657
1123
1110
1115
1112
1124
1117
762
847
174
75
759
102
135
1152
873
761
739
786
80
1227
1214
1240
1230
1217
1216
1208
1223
1219
1221
1231
1221
1235
1242
1233
1224
1228
1227
1219
1222
1241
1220
1210
1215
1050
1182
1173
1184
1156
1276
1434
1426
1420
1434
1420
753
1430
1196
1166
1177
1178
698
1259
1107
1338
1334
782
1430
1187
1435
1257
1259
1115
1112
756
1259
1422
1184
1186
1170
1158
1426
1429
1424
547
567
556
568
547
554
567
566
1167
1151
1176
1152
1196
1164
1172
334
1323
1299
118
170
277
295
307
297
320
254
311
305
241
275
289
244
495
495
497
1033
913
1004
986
902
916
1012
1006
990
893
887
1012
953
918
923
982
979
991
924
1432
1228
155
174
1210
1224
1211
1218
1463
1463
1466
1468
1471
1467
256
1413
1452
1448
1449
1459
1459
1457
1449
1455
1455
1452
1453
1128
1461
1457
1128
1130
1131
1460
1455
1461
1449
1461
1461
1459
1461
1455
1358
1360
1359
1355
1019
950
963
1001
1024
948
892
965
1026
1291
1443
243
287
276
637
501
499
509
467
489
470
537
1431
823
1426
1420
1434
1433
1171
1150
1168
1190
1425
1205
1205
1185
1362
1361
1360
1352
1361
1361
1358
857
177
1342
1351
1336
1267
1274
920
904
1246
1447
1429
1255
1205
1406
1334
859
1247
1206
1133
577
1
7
1466
1404
1323
1291
333
252
253
302
376
1446
1237
1336
352
384
1128
1140
1145
1135
269
279
271
673
704
672
659
696
1123
1126
1119
1110
1353
1361
1255
1203
1158
1187
648
1124
1109
652
655
675
670
686
699
676
873
774
764
657
643
679
730
854
835
774
655
664
694
761
754
1019
962
1004
1025
1319
1282
1305
1303
635
1294
624
629
1283
622
532
517
1307
1323
460
398
415
432
356
393
412
404
398
424
402
335
407
335
295
309
1113
1360
837
822
1021
920
936
916
965
973
1008
951
928
1012
900
966
959
883
893
920
1008
952
939
926
910
941
886
898
916
899
974
994
928
1017
884
971
963
1168
1201
1150
1179
1176
1202
1166
1156
1201
504
524
526
493
544
477
484
537
1195
1107
1205
427
401
1195
1154
1424
1152
1188
659
1196
1164
1187
1186
1425
388
405
350
1424
1432
369
1427
1191
156
160
379
384
1150
1135
1102
615
606
588
606
621
586
602
626
633
587
633
605
608
623
1301
1282
1290
1310
1317
930
392
344
420
406
429
1467
1465
1467
1468
498
489
494
1033
957
1106
1287
1404
1294
1319
1069
1437
1445
1439
1444
1437
780
848
818
855
827
722
824
1083
1378
1374
1389
1382
1385
1397
1388
1398
1385
1395
1380
1389
82
228
234
197
142
115
97
826
860
792
834
1360
1359
920
184
193
122
226
232
130
99
153
120
72
662
690
856
649
656
662
650
861
722
772
850
819
729
972
1003
938
1020
1084
1068
1050
1067
582
603
613
639
609
615
638
619
1291
1160
1168
50
44
34
46
26
33
38
22
60
1334
65
30
46
39
41
44
40
52
27
1295
1285
1438
1437
1253
347
364
41
1351
1348
1350
1340
1329
1334
1352
39
1350
1122
1334
1330
538
535
544
534
485
474
489
538
507
478
1429
1100
1105
1093
1094
1102
1093
1104
1325
1325
680
673
1116
701
1123
1113
767
1361
1359
1359
713
753
718
778
452
461
462
444
447
457
445
441
443
448
449
450
440
445
1299
1292
1298
1291
1283
1354
1065
1392
1400
1380
1375
1375
1391
1374
1383
1380
1393
1380
1390
1374
1044
1076
1045
1063
1075
1055
1090
1092
1044
1043
1090
1085
557
1321
1297
988
934
1426
1409
1409
1433
1435
1152
502
507
486
485
542
527
515
491
497
522
489
521
525
504
482
505
510
498
506
477
1352
1357
599
1228
1217
1209
1230
1230
1221
1215
1217
572
1363
1296
1406
1002
1362
1247
1247
474
1322
1297
1144
574
575
579
8
17
18
1132
916
414
1469
351
1291
338
372
410
422
385
1370
600
616
1312
1130
1229
1449
1446
1450
1451
1459
1457
1270
1454
1130
1130
965
945
987
1006
922
954
1368
2
1049
1249
390
912
966
921
994
983
963
951
1370
1378
914
1363
1034
1071
1319
448
453
461
434
453
1366
1295
1404
1405
952
617
1372
1381
1372
1373
1397
1372
1394
485
496
486
1311
1306
1295
1285
1292
1134
1296
1075
1317
1309
1477
1475
1321
1470
1321
1048
1066
1064
1053
451
5
3
1
6
4
8
1072
1317
1058
1077
1466
1249
1123
1119
653
1108
1121
1112
1124
1121
1112
1112
745
802
733
737
854
725
880
773
1245
1245
1243
1243
1243
1244
1243
1245
563
173
228
180
135
85
1418
1417
1412
1417
1412
1407
1413
284
310
294
318
322
1096
1096
1104
1096
1338
1330
59
55
48
1359
1216
1221
1226
1226
694
1279
1328
1190
1206
1230
873
1132
1128
1132
1130
1180
1204
1202
1208
1207
1223
1228
1233
1240
1221
1227
1236
1215
1229
1210
1229
1231
1217
1206
1227
1218
1222
1234
1281
1219
1221
1226
1235
1216
1206
1240
1239
1225
1210
1228
1233
1221
1218
1237
1222
1216
1222
1226
1208
1242
1210
1220
1214
1226
1219
1230
1206
1207
1219
1209
1241
1208
1207
1209
1220
1216
1237
1228
1220
1263
53
1259
1257
1263
38
52
1263
29
1257
1359
322
354
553
1336
543
433
707
1352
1107
763
1257
518
1471
1469
1186
1425
644
969
1253
623
603
886
15
369
396
1186
874
598
931
116
569
553
1358
1435
603
275
463
540
1182
1179
1433
343
1358
904
506
72
837
593
36
227
854
1428
898
1188
943
431
958
41
115
565
555
38
1002
50
1092
1198
556
1338
922
393
1204
779
1317
401
1344
11
1368
707
22
1164
1330
1196
1221
1329
1246
1447
1457
1325
1328
1468
1166
310
1111
1112
1123
1328
751
1415
648
680
816
830
725
825
856
862
637
629
608
633
621
601
595
1249
1104
1094
1102
1104
1105
1096
1095
1103
1102
1102
1431
333
296
314
254
282
280
507
1297
1417
1409
1410
1166
1172
1293
1321
1291
1311
1293
363
373
1353
709
21
782
996
997
897
1009
1001
977
919
998
993
883
966
907
964
1038
1106
928
1011
976
319
323
292
254
294
297
301
268
292
419
263
724
744
811
711
841
100
113
570
1356
1354
1090
557
556
554
850
1129
62
1261
1261
1168
1201
1188
1410
1409
75
1429
1428
1435
1165
692
650
643
220
1356
1156
1204
1355
1199
878
831
877
750
719
851
1055
1336
1125
112
220
879
202
1332
1065
1353
123
1125
1437
1182
44
50
48
1417
1188
1412
1410
1406
1414
1415
1416
1418
70
206
217
151
188
1201
1096
1093
1092
1094
315
330
243
1189
1352
1355
525
535
508
501
467
508
488
529
1435
1367
1369
1370
944
927
1435
1160
1158
1180
1200
1158
1203
1170
1188
1162
226
68
176
106
1254
1253
1418
1418
1162
1162
1199
1189
1202
1177
1198
1188
1149
1169
1363
1409
1409
716
822
183
211
1439
204
1439
1417
654
663
698
656
741
849
796
1407
1417
66
421
353
389
381
401
396
368
418
422
390
343
423
373
610
1353
1011
925
708
1404
1406
1405
897
953
909
1010
964
915
1437
1445
1444
1439
1443
145
214
143
121
222
191
212
219
88
199
223
208
169
118
1436
144
120
153
116
890
765
731
805
1437
180
211
162
1362
299
276
326
332
261
328
298
316
291
1277
1265
1150
294
333
259
278
282
301
296
1444
1439
881
881
1465
1471
433
443
434
461
445
448
458
453
434
456
585
994
36
1467
1480
1473
1475
1473
1467
1476
1466
1471
913
938
988
921
916
999
898
937
1034
1203
920
1138
1147
1133
1134
1141
231
81
747
808
831
790
854
830
720
801
835
765
859
1151
852
218
192
201
150
148
155
175
159
185
1273
1268
1269
1281
1266
1270
464
468
301
1177
1429
1434
1180
1179
1166
222
237
158
198
1245
1344
1333
1332
1263
1262
1336
1336
1346
1329
1340
1345
1346
1344
1348
1333
1348
1348
1334
1343
1330
1336
270
307
288
325
1438
145
1438
1280
1271
1361
203
9
1253
1253
1247
1254
1248
1249
88
104
161
169
108
106
213
116
157
147
107
161
103
198
104
107
819
117
107
132
212
194
188
70
1453
1455
1457
1454
1461
1128
1449
1446
1449
1455
634
635
1124
736
1413
1407
1355
1041
341
421
147
146
1445
169
128
126
83
182
152
216
218
1356
128
154
987
940
943
961
1360
255
1263
1200
1237
1220
1225
1133
1133
1144
1144
1138
1144
1144
1134
1146
1146
1142
1146
1143
1142
1145
1138
867
1414
1414
949
526
516
519
1475
1473
1410
519
1172
1186
1173
1178
1156
1153
176
1437
1176
1148
1180
1414
1444
1336
113
1188
1203
1166
342
806
1418
1408
791
1407
1249
1309
1247
1249
17
825
1469
1102
1285
1287
1291
489
491
499
484
1413
72
810
829
793
799
748
805
787
731
736
1407
1415
772
770
867
1415
1412
131
90
136
757
805
777
779
812
730
1409
1410
1416
1411
1140
1266
605
595
597
598
584
599
625
608
603
633
620
640
585
631
605
603
1433
1189
1435
980
884
1036
1132
1144
1133
1140
1134
1147
1144
1177
1452
813
1431
186
72
710
878
1410
111
237
256
245
255
256
335
387
337
394
410
353
397
433
388
758
1261
1124
1109
1114
1126
1108
1125
1259
781
799
1261
1257
1122
1108
1123
1113
1345
425
377
344
349
428
395
389
432
397
420
370
432
414
417
355
381
374
348
409
365
380
431
1238
1470
1476
1467
15
13
1328
1190
1427
1434
1430
1186
687
1195
1201
1166
1195
1177
144
89
221
1203
642
760
699
660
699
645
690
1288
1293
1293
1362
1359
773
28
37
31
1047
1080
1057
1070
1059
1062
675
678
670
661
690
643
697
1126
720
789
724
1418
1160
1199
1422
1187
1196
788
754
113
164
1206
1229
1227
1216
1233
1208
1222
1265
1209
1218
1225
1222
1208
1207
1224
1218
1227
1224
1229
1207
1207
1214
1227
1220
1219
1227
1081
1047
1084
1151
1185
1177
1187
1198
1428
1162
1276
1275
1431
1422
1430
1424
1420
809
1427
1185
1426
658
653
668
647
673
1115
1200
1431
1426
1261
1259
1263
1122
745
1261
1258
1202
1179
550
563
565
559
1180
1204
1162
1158
1186
1182
1177
1201
1172
1204
298
1106
1287
211
93
293
267
300
296
254
302
279
246
541
487
527
978
882
915
997
1028
915
969
1017
903
957
885
971
1007
1035
887
919
978
989
986
992
1432
1206
1241
1211
1470
1477
1467
1470
311
242
262
308
289
258
252
273
1415
1127
1459
1449
1459
1448
1453
1458
1455
1458
1459
1447
1449
1459
1454
1450
1130
1451
1447
1461
1128
1461
1450
1358
1353
1360
1360
1039
897
925
1317
1306
314
304
329
240
328
327
271
308
252
523
492
511
473
485
1424
1428
844
723
749
845
1422
1428
1431
1431
1434
1411
183
221
1199
1150
1357
1353
1357
238
1445
87
222
1337
905
987
1401
885
1287
1420
436
1247
1420
1290
1045
1
1416
1408
1414
1049
1070
323
304
269
259
266
1189
1193
1420
1233
1106
354
1140
1142
1138
1133
1135
1138
1133
1156
246
332
651
706
679
694
683
681
1123
1114
1112
891
1362
1180
703
1111
1107
672
701
666
691
678
799
790
838
854
796
839
793
850
777
1124
1125
657
647
745
654
749
759
796
968
609
592
1323
1305
631
1411
1415
1413
1408
541
1409
410
402
353
368
368
264
239
1354
757
941
1025
911
1018
893
1018
923
1010
945
995
939
725
944
882
911
1020
937
1020
922
945
978
890
1016
970
887
1009
910
929
906
954
1030
978
960
926
955
931
927
1263
1187
1181
1162
1204
1151
1185
1204
1176
1189
1205
499
524
502
463
481
474
465
539
463
541
510
464
504
469
465
508
530
493
364
1195
1176
1195
416
73
153
719
1179
1190
1189
1204
1164
700
1110
800
822
713
1176
342
854
746
1431
1188
356
418
375
337
1427
1429
1432
1425
1086
1152
679
408
1184
89
1159
334
1420
674
730
560
1138
1142
1134
1135
1135
1135
1094
603
593
638
607
603
588
632
623
604
333
1297
1295
1284
1307
1320
1297
416
336
416
869
1477
1466
1475
1466
1466
1465
1465
1463
508
466
1000
1321
1295
1314
1404
1445
1439
1045
1396
1445
1436
1437
829
799
770
768
814
854
815
712
710
721
1070
1090
1052
1045
1041
1045
1370
1378
1391
1377
1376
1383
1395
1388
920
938
222
81
159
185
88
942
791
831
1357
1353
1361
1355
101
152
215
138
179
228
86
187
216
234
76
142
195
1108
647
653
684
686
745
854
747
872
912
1416
1357
1039
605
630
622
591
603
1180
47
59
51
61
1350
63
1351
1330
1350
37
1338
44
1321
1295
1406
1439
1436
1445
1255
1313
1391
1132
1249
367
1329
1332
1340
35
1350
1331
1332
1122
1332
524
508
534
535
471
529
491
537
305
1431
1433
1214
1354
1103
1100
1092
1094
1100
1092
1103
1102
1104
1094
1325
1324
820
1126
803
854
779
1358
1358
439
449
446
447
450
450
460
458
449
441
440
441
436
443
447
441
447
1287
1323
1284
1319
1295
1357
1092
1065
1396
1387
1398
1054
1090
1057
1090
1057
1049
1091
1056
1085
1045
1072
1071
1052
1073
1253
570
548
546
557
1319
603
900
740
669
169
1477
1299
502
517
510
537
537
508
489
478
515
510
529
428
1220
1210
1211
1216
1233
1239
1230
1214
1237
1209
1225
1230
1225
1217
579
570
1247
442
1468
1471
575
578
1249
1319
1477
1133
1142
603
599
578
579
16
1132
359
990
1253
369
1467
1316
1317
1322
340
430
357
992
617
1092
620
592
603
1449
1218
1269
1241
1224
1130
1224
1211
1447
1448
1446
1448
1451
1461
1279
1458
1452
1447
1458
1455
1450
1132
1127
1128
1127
1130
1325
1032
1012
1069
1052
2
1065
1253
1253
901
989
1007
922
1009
912
979
355
1059
1461
896
917
909
458
603
1405
1405
1247
1253
443
1395
1381
1399
1392
1387
1389
917
498
510
491
530
508
477
464
1299
1299
1464
1055
1321
1313
496
1474
1435
1322
572
1465
638
625
1068
456
1019
459
576
8
1
5
7
4
7
2
2
18
1078
1294
1297
1282
1297
1312
1306
1057
734
876
1125
1123
1110
1110
1115
1108
1123
1108
1115
1112
1109
718
815
751
868
864
731
820
783
738
1237
161
212
140
1415
1415
1414
1409
246
1103
1097
1104
1100
1346
63
1351
1348
1342
45
1330
30
53
1355
1428
1226
1239
1232
1239
705
784
1433
1269
1271
1280
1231
1209
1206
431
1325
1129
1127
1130
1188
1179
163
1238
1237
1234
1208
1225
1241
1221
1239
1229
1207
1214
1221
1208
1210
1265
1269
1269
1276
1215
1227
1210
1211
1228
1210
1211
1225
1228
1228
1235
1215
1227
1218
1228
1216
1240
1230
1220
1220
1214
1218
1223
1216
1239
1234
1218
1235
1228
1217
1236
1241
1207
1224
1221
1207
1224
1225
1219
1214
1235
1235
1206
1239
1222
32
62
1261
1361
15
32
619
1405
1308
1362
1086
1315
1264
1125
1416
640
1059
423
420
253
1164
11
808
646
1116
516
145
1032
549
1306
492
1471
1316
101
91
1013
950
882
1158
528
154
498
1077
342
394
746
1027
1178
672
1172
452
1118
872
910
1323
10
1351
1123
50
167
817
310
750
693
151
872
716
457
97
558
24
947
1195
129
1053
1342
807
1337
1322
1045
46
404
14
1319
336
119
242
1406
1297
1128
1325
1456
1292
39
1203
306
1261
1122
1354
1443
685
664
677
769
867
729
875
798
778
716
788
840
602
1278
1267
1267
1104
1104
1096
1100
1094
1101
1106
1100
1105
1100
1106
1459
1457
1456
1461
1454
264
262
268
1362
511
1317
1298
1323
1311
822
837
830
1411
1407
1418
1412
1416
1407
1419
1197
1177
1206
1189
1188
1160
1428
1180
1196
1162
1355
1291
1283
1309
1323
378
708
1007
898
1008
1030
911
934
903
901
906
991
894
1024
322
264
366
350
367
755
797
1057
814
760
788
825
746
1439
846
823
545
548
1149
1361
1159
547
1200
841
1190
125
1190
1196
52
1407
30
1433
1199
1148
1106
1108
1107
1369
1354
1360
1356
1184
40
1330
813
756
869
760
844
743
836
765
753
775
824
1156
847
738
94
1433
1338
1436
1086
1080
1265
1353
94
71
1115
1332
1346
1352
40
1408
1408
1413
1410
1412
1408
1412
201
84
739
734
197
68
1443
60
212
1424
1102
1103
1092
1092
1096
283
263
251
267
270
249
1255
1255
1360
537
504
468
519
512
487
535
517
480
502
515
490
527
487
535
728
1366
1155
1205
1163
1370
991
1182
1200
1197
1164
1177
1200
1196
1189
1186
1152
1352
112
227
117
189
80
1249
1253
1247
1412
1158
1203
1196
1164
1189
1177
1178
1172
1195
1205
1190
836
1184
1184
1247
1445
197
847
853
761
854
121
176
181
140
229
219
1439
702
650
661
662
653
735
742
714
776
823
711
740
1406
350
341
350
385
431
390
378
389
371
432
345
363
380
405
932
886
1404
1405
911
1033
888
906
893
977
1106
936
1444
1443
1443
1436
94
207
78
177
156
73
203
184
119
100
189
234
144
149
132
116
1011
933
159
217
86
111
196
1428
1158
1249
257
320
331
304
295
331
243
326
241
287
329
249
1180
1255
315
244
325
258
299
880
530
540
1469
1465
1463
1466
1463
1463
1465
1473
1474
453
455
449
459
444
597
447
635
607
918
918
1470
1463
1480
1480
1467
926
918
958
1031
1018
1430
1133
1146
1133
1142
1445
138
131
175
1149
804
776
735
770
1197
1148
1199
725
826
177
79
106
1092
1269
1269
518
495
487
482
309
318
1200
1160
1197
1158
1185
157
503
1333
1332
1348
1259
1344
1257
1264
1336
1257
1346
1332
1340
1342
1348
1351
1351
1338
1352
1335
1329
1334
1330
1338
1350
1330
1346
47
1348
269
253
1439
1268
1267
1267
1265
1249
223
189
168
232
179
202
167
155
65
152
123
235
200
127
110
170
83
231
111
149
1446
1456
1455
1453
1129
1128
1453
1445
637
632
626
604
1110
1116
1126
661
1108
750
1419
1411
1409
1411
1412
1412
1352
1164
1050
402
355
1435
121
165
1438
173
205
1357
1361
108
82
255
1257
1127
1130
1133
1145
1147
1145
1143
1142
1135
1147
1142
1134
1140
1135
1135
1133
1140
132
1124
1409
145
917
1480
1469
503
1474
1153
240
1189
1181
78
187
162
1199
1438
1436
1443
128
1319
1299
1351
1420
1153
714
1323
1265
1324
1096
1100
1096
1094
35
61
493
512
503
511
488
1414
1409
1412
1411
84
68
768
803
782
851
865
733
848
854
855
76
1418
840
1410
1416
1407
197
85
91
99
175
201
162
792
776
70
1411
1414
1134
601
622
583
600
582
599
605
598
591
606
624
1353
1355
1030
929
896
1029
962
1367
1369
1140
1138
1135
1143
1138
1134
1135
1178
812
866
559
1434
236
854
735
784
776
732
765
834
1413
1204
224
1305
1473
535
1295
374
421
338
398
339
376
412
1171
1198
1363
382
351
412
1259
1259
244
1118
1112
758
804
834
1261
1257
1265
1263
1125
1123
1108
1115
1114
1336
426
345
366
408
404
371
338
376
394
407
409
421
370
341
404
377
413
386
588
1225
506
483
1319
1468
1475
1466
1313
1311
12
1362
1362
1329
1328
1128
1127
1325
1325
1205
1426
1422
1180
1433
785
1193
1205
1431
1429
560
1430
1432
1197
1429
561
1203
1435
1189
143
235
1416
1410
688
679
674
668
1415
1132
1135
1435
1323
1404
1313
1323
1362
64
24
59
1078
1090
1062
1110
667
645
703
677
674
656
669
692
668
1122
1113
1122
1112
1126
1110
1110
1124
1107
851
809
71
872
818
157
1179
1429
1185
663
1111
771
184
229
87
1231
1218
1214
1228
1210
1231
1206
1225
1241
1211
1226
1209
1241
1217
1210
1243
1223
1039
1087
1190
1197
1400
1269
1267
1428
1423
1428
1153
1154
1182
717
739
1422
1429
1201
1152
1166
1113
1427
1430
1170
1432
1108
1341
763
1265
1264
1434
1202
1160
1428
1185
568
548
569
546
547
562
1184
1190
1190
1202
1176
1187
1170
1184
1171
1187
1187
1319
1302
187
181
200
236
139
257
302
326
260
290
300
293
262
261
282
467
496
472
535
491
890
1002
939
989
961
1031
889
1003
943
988
904
964
934
918
1015
891
894
981
1001
980
994
935
1004
1038
894
1014
1105
1433
1252
1216
1216
1230
1471
1469
1465
1462
334
291
253
287
1480
1410
1414
1453
1457
1451
1460
1455
1448
1450
1459
1457
1453
1461
1457
1128
1131
1132
1132
1450
1449
1447
1452
1451
1447
1146
566
561
1353
1355
1356
1354
1358
963
876
747
1319
772
835
717
763
251
509
468
470
484
537
1423
1432
1422
1422
773
816
753
1430
1429
1426
1430
1422
1435
71
1149
1180
1164
1186
1185
1148
1168
1419
1200
1356
1353
303
757
193
195
1347
1335
1332
1342
1351
1334
1340
1334
1340
973
941
886
1454
705
442
451
1362
1297
1404
841
1129
1469
1473
574
30
1408
1090
614
276
298
330
331
337
1166
1176
1198
1179
1215
1214
1350
371
1133
1142
1139
1142
1134
319
261
1109
683
1110
646
671
1125
693
1126
1108
895
1354
1189
666
648
706
685
733
843
744
1122
1124
648
685
730
727
755
755
1037
1015
907
929
977
1303
442
1243
624
603
1297
1295
1310
619
1418
480
494
1318
1315
1249
336
365
380
339
411
418
396
382
344
340
359
292
327
1124
1355
1357
1357
845
967
1014
1005
961
933
1000
892
941
981
1008
882
1038
905
975
885
939
924
972
949
892
1036
956
981
1014
1002
983
888
954
922
1029
993
1027
1029
900
955
956
914
967
923
957
930
925
1031
814
1443
1445
1179
1197
1184
1199
1200
1170
1197
1185
1170
1160
1176
1197
1148
500
506
521
488
491
529
509
542
502
483
507
530
535
522
487
537
467
500
477
358
1162
1168
1155
352
398
787
741
1189
1164
1158
1202
339
424
1435
346
388
389
373
429
380
1205
340
1153
1184
1172
1199
1186
351
412
1414
130
1200
227
146
98
1198
1166
1198
383
368
1435
372
355
1150
1198
1182
744
699
1145
602
584
625
587
640
641
612
640
605
629
636
614
597
258
1299
1317
1321
1302
1310
414
430
348
824
1463
1477
1474
1477
1468
1463
1469
506
502
520
502
1281
1304
1317
1291
1317
1405
1406
1405
1315
1321
1438
1438
1437
1437
1436
719
760
855
714
1053
1044
1062
1398
1378
1386
1382
1379
1388
1399
1381
1374
1255
228
101
165
167
866
1359
1356
1356
215
160
148
104
141
70
211
199
82
662
649
852
762
654
687
664
661
1108
1112
744
737
812
811
876
813
858
1034
1358
1053
1079
1090
1074
1045
1074
593
632
639
620
629
592
642
381
1202
47
40
27
55
36
28
1340
61
29
51
65
41
64
1332
54
37
33
27
55
969
1287
1291
1295
1300
1299
1255
1445
1439
1139
1127
1255
425
32
1348
1338
1351
51
1336
56
35
1352
1351
1343
1342
1262
1329
1348
1342
1351
525
528
526
538
473
534
483
515
993
1357
1105
1097
1093
1102
1096
1094
1102
1101
1325
1325
880
1325
1119
801
455
455
443
446
462
444
443
440
452
433
1287
1321
1293
1319
1293
580
576
1384
1042
1391
1372
1382
1378
1376
1380
1399
1384
1378
1371
1394
1375
1384
1090
1040
1052
1072
1084
1087
1080
1042
1045
1071
1078
1091
1045
1067
1075
564
548
566
546
561
550
563
1301
981
809
842
1115
671
491
535
486
504
539
536
472
528
480
485
536
506
505
439
1361
1358
1362
1211
1233
1210
1237
1236
1217
1237
1222
1239
1228
1229
1218
1214
1235
1231
1239
580
572
573
460
458
445
435
1467
1404
1147
1480
1463
1138
1313
601
1142
636
4
575
18
18
1127
1037
345
372
360
1293
1079
1047
1089
1090
1307
634
1301
1005
587
594
624
1222
1235
1230
1241
1455
1455
1448
1446
1451
1449
1126
1020
1016
1366
1368
930
979
889
976
1362
1247
1252
998
1019
1027
905
944
949
1363
1380
1309
357
575
1005
1082
1069
1075
951
632
1475
433
1255
1469
1404
1406
956
445
1249
1406
1380
1374
1389
1400
1384
1385
1376
6
544
487
501
1319
1323
1321
1299
1473
1297
1315
1304
1291
1134
1474
1477
1477
1463
1475
1292
1308
1363
1053
443
454
1314
6
5
5
17
1473
1051
1284
1405
1084
1473
1472
1124
1115
677
1117
1124
1117
1126
1126
1108
1110
1112
1115
1108
1111
1115
1110
1106
1116
1122
877
811
727
875
1243
1245
1244
1245
1243
1245
1244
838
183
208
78
108
1414
1411
1413
273
311
238
279
1334
1340
26
49
56
1344
1132
1361
1215
1207
1226
1081
821
1046
1425
1267
1329
1239
1227
1206
1237
1226
1328
722
669
1128
1179
1186
1164
1200
1180
76
1021
1231
1242
1220
1222
1223
1230
1215
1224
1207
1219
1241
1210
1211
1233
1239
1223
1225
1281
1267
1267
1265
1233
1235
1217
1242
1230
1228
1225
1223
1225
1225
1231
1221
1217
1237
1208
1208
1215
1235
1231
1215
1216
1241
1207
1211
1226
1235
1239
1233
1223
1211
1209
1216
1209
1224
1224
1241
1206
1215
1237
1211
1235
65
1260
1259
195
1352
533
960
1332
56
1302
556
245
403
183
1338
1168
1079
10
967
1185
469
10
339
557
4
1257
251
329
914
387
774
1170
1188
1196
1331
715
1158
857
303
969
719
1040
816
47
131
701
81
16
560
579
567
771
1475
563
110
756
1190
1158
93
983
1041
1197
920
278
687
193
727
707
1107
1118
564
436
1383
1179
535
1394
1373
1342
471
682
560
1343
1013
406
1348
916
54
1068
1432
1051
1160
26
1030
1127
1328
1214
1132
1462
1329
1092
1178
274
1259
1265
1122
1117
1115
1357
1437
1329
1328
846
734
712
867
808
717
1416
598
609
582
586
613
621
634
616
1270
1265
1269
1269
1267
1094
1104
1097
1100
1094
1101
1096
1103
1104
707
1105
1422
1128
243
299
332
260
329
283
264
1092
1188
1426
585
596
636
1282
517
1299
1321
1408
1417
1417
1156
1159
1204
1187
1170
1160
1164
1354
708
708
883
1035
972
891
1000
935
927
308
316
854
783
752
836
1445
869
717
800
208
569
1358
1355
1201
555
554
562
1436
1202
802
24
1173
1206
35
67
1430
787
53
1420
1431
1182
681
702
658
678
688
697
700
697
651
1370
810
1357
1425
1428
1197
1329
1332
741
723
801
861
1059
1201
1184
1431
850
710
907
1193
1439
1355
1330
79
107
1437
1414
1350
1158
1191
1418
1413
1413
1411
1418
1413
75
236
85
79
1339
113
1094
1104
1106
1103
1104
331
1256
1102
1102
502
506
544
1294
1295
1368
1156
1363
1032
966
1191
1176
1191
1201
1164
1158
1432
1352
132
1437
90
142
1253
1247
603
618
1248
1418
1177
1160
1363
1363
1203
1198
1203
1164
1203
1190
1162
1181
1172
1179
873
1180
715
737
835
748
797
874
811
204
129
161
192
146
99
220
689
684
680
664
703
673
686
646
692
701
695
828
712
816
1412
1415
360
348
431
393
395
419
411
429
405
386
422
383
1360
1354
728
940
977
976
967
1006
1026
889
950
1438
1445
1443
1438
1436
125
109
185
166
74
126
148
220
148
217
175
88
112
206
179
165
235
77
67
152
127
115
1024
1424
805
230
119
1164
1358
1356
245
275
328
249
295
270
261
316
256
288
317
263
1466
1463
1465
1471
1466
1477
450
461
447
605
439
447
591
605
1471
1480
1467
1478
1467
960
951
970
1021
1050
1425
1147
1144
174
233
182
130
115
1162
767
858
715
743
787
720
806
813
758
1156
798
731
84
157
114
225
92
1277
1272
1279
1269
1273
504
532
482
258
1188
1425
289
1200
170
204
1345
1350
1344
1350
1350
1332
1346
1332
1346
1342
1340
1338
1330
1340
1332
1336
1342
1337
1338
1346
24
1339
1347
1346
1342
1338
1330
1346
446
292
265
277
840
879
772
1437
1267
1267
1278
1267
1269
1272
1280
1264
105
1254
1253
147
123
94
185
164
125
126
237
136
87
111
66
156
186
102
114
67
194
119
80
168
1100
149
138
137
198
199
227
127
1218
1453
1447
1455
1447
1461
1128
1451
605
630
688
1108
1354
1359
1352
1171
1177
1189
1042
1045
1055
426
366
388
387
334
196
218
214
87
1356
1355
1354
76
126
190
225
1028
319
1257
1216
1233
1223
1144
1145
1140
1144
1144
1138
736
1417
829
1017
1419
492
512
473
1471
1473
1477
489
542
1468
1439
1204
1166
1183
1173
106
233
122
124
1443
1156
1435
1437
1156
1170
1185
1168
1203
1204
1185
857
1407
821
1323
777
806
23
64
51
43
25
1286
1287
537
481
472
500
90
843
789
826
843
709
716
807
789
770
1418
213
69
1409
1410
743
1411
1408
1409
1415
110
66
114
100
122
855
1408
1415
1410
1203
1142
1141
1144
1140
1276
631
602
605
596
613
623
605
586
621
593
611
615
630
1358
942
1352
1024
1135
1140
1145
1144
1138
1145
1142
1134
1205
1168
1200
1187
554
567
553
1426
1178
800
818
840
767
877
1407
1201
272
267
523
543
516
1467
425
386
374
406
141
1363
1155
1257
1125
1113
1126
1112
1263
771
852
1261
1259
1263
1259
1263
1263
1123
1350
98
420
366
414
357
424
365
354
342
348
413
397
379
416
364
418
379
385
423
1106
1209
508
493
1466
11
13
12
14
9
16
1325
1127
1132
1325
1427
1156
1429
1431
1433
1430
1420
1196
656
676
856
1169
1202
1172
1184
1431
1433
1153
1425
1130
1131
1429
1172
1152
1182
1138
137
162
1412
1407
1414
828
696
842
791
749
1408
1255
1319
1317
1286
1290
1323
1302
1358
739
46
34
62
42
1077
1046
1051
1090
1056
1048
1057
696
645
693
667
682
675
657
1115
1111
688
692
671
677
650
651
1122
240
768
769
160
752
141
875
1125
803
845
144
214
1235
1239
1231
1228
836
1221
1237
1211
1210
1230
1229
1209
1238
1234
1225
1207
1233
1049
1170
1189
1177
1197
1167
1170
1201
1404
1425
1433
1421
1427
1429
1179
1172
1423
1188
1186
1166
643
1161
1184
1160
1265
1433
1420
1431
1263
1265
1122
1118
1124
793
808
1187
1186
1198
559
565
565
555
549
1196
558
1202
1161
1160
1199
1185
1195
1184
1198
1190
1187
1190
1168
1286
1311
230
226
141
90
296
267
272
317
293
330
241
325
318
283
479
537
486
998
997
900
995
1025
918
884
1017
922
894
965
884
992
1026
895
943
982
962
973
1361
1225
1235
1222
1223
1229
280
321
303
282
308
291
1414
1416
1410
1418
1459
1449
1447
1453
1456
1449
1447
1453
1447
1460
1451
1459
1454
1128
1452
1461
1459
1457
1453
1446
1455
1453
1451
1456
549
117
1357
1357
1355
1000
1031
1287
1298
713
290
1255
603
518
466
504
494
520
482
485
1426
1424
767
791
755
828
1424
1434
1422
1427
1424
1432
229
224
1176
1424
1426
1361
1358
1361
1359
1354
751
278
257
315
92
117
103
1335
1352
1328
1328
1269
1280
427
897
954
929
932
973
1404
641
1132
773
1253
1363
881
1405
580
714
533
1291
1305
1335
1291
431
578
1477
3
156
297
265
280
272
250
314
1202
1426
1148
358
1140
1134
1146
1135
1164
309
239
289
652
705
676
1113
654
1124
1107
1003
675
652
647
680
1112
1120
644
698
668
863
854
784
792
798
866
810
757
691
700
644
789
695
912
927
581
600
594
610
586
617
1288
1293
436
605
583
1416
1407
1296
1300
1311
1287
1303
349
408
367
340
356
433
372
407
403
431
1443
1436
1114
1263
863
779
931
902
960
1007
934
935
987
976
924
922
1355
997
916
952
995
910
971
907
989
888
931
996
1029
913
1026
1010
933
905
901
937
982
968
1038
979
983
1005
1196
1156
1201
1186
1195
1180
1162
1178
1168
1190
522
496
483
531
478
470
535
495
537
531
526
536
510
1204
852
89
374
358
1195
820
853
1172
1170
1149
704
415
376
1201
857
1177
1434
378
363
352
401
1432
1158
1428
1168
85
1178
431
377
409
1195
1151
154
186
170
1180
215
364
1427
1195
1134
1139
1134
1138
1102
592
636
614
585
642
607
639
265
272
305
291
1406
1323
1290
1291
1313
386
415
427
395
369
358
382
359
815
1469
1465
1469
1469
1466
1475
1465
1466
1468
1470
1471
1465
1473
543
503
468
1291
1317
1299
1283
1308
1318
1405
1299
1070
1076
1045
1372
1438
1443
804
798
844
728
738
777
743
748
1040
1044
1045
1087
1378
1382
1372
1386
1372
217
178
127
202
163
839
764
723
1360
1357
221
143
153
109
109
219
160
118
216
233
75
86
206
83
124
698
809
807
830
652
690
684
651
849
876
732
804
715
815
846
790
718
862
958
990
1001
918
935
972
1058
1053
1041
1088
1091
1066
1039
1054
612
615
22
62
29
28
60
1351
54
34
45
1337
42
49
28
42
36
31
1439
1444
1445
1439
1443
1438
1317
409
375
1336
1349
1350
22
43
21
1330
1350
1334
1329
1340
1349
1258
1340
537
466
504
506
537
535
937
1215
1208
1108
580
