7391
130
1439
751
751
751
751
752
752
752
752
835
837
259
1162
1439
1439
1439
1162
1162
1296
647
648
648
648
649
648
649
649
650
649
650
650
1124
1124
1124
1124
1439
783
1454
783
783
783
784
784
784
784
1454
1454
1454
1454
1454
1455
1455
1455
1455
1455
1455
1455
1455
1455
1455
1455
1460
1361
1361
1361
1361
1361
1124
1124
464
464
1162
1162
410
410
410
1124
1074
678
1075
1074
343
1075
1080
1080
1075
1080
1080
1081
1081
1081
1082
1081
1082
1082
1082
1083
1083
1083
1083
1439
130
130
131
130
131
131
131
132
132
132
132
135
135
824
824
824
328
328
733
734
1124
650
651
838
1157
1148
825
824
825
839
825
343
825
826
826
826
884
885
344
465
465
839
954
954
955
954
955
1124
955
734
328
464
735
343
343
408
408
135
135
136
625
625
1247
1247
1247
1247
1247
1247
1247
1248
1248
1248
1249
625
626
626
1460
734
956
465
465
466
466
1156
329
1460
1249
466
467
467
467
466
467
468
328
1124
1156
1157
468
735
1125
785
785
785
786
785
1084
1084
1084
1125
1124
1125
1125
1125
1125
839
1233
1125
1125
734
839
840
1125
1125
1125
840
344
1461
1460
468
468
651
1148
1148
1461
1461
1461
1461
1158
1125
840
1215
1215
1215
1215
1215
1215
1215
1215
1216
1216
1216
260
1162
1162
1162
1162
1162
1162
1162
136
136
950
817
817
817
817
818
818
818
818
819
819
819
820
1374
1374
1374
678
679
679
1461
122
26
26
27
27
27
27
28
28
28
29
28
29
753
753
753
753
891
891
892
892
1265
892
1266
892
1439
1442
1442
122
137
136
122
1162
1374
1053
1053
1053
137
137
137
1162
1374
625
626
1296
1296
1297
410
29
29
1375
138
138
138
139
138
139
139
139
1053
1054
140
140
140
141
140
141
141
141
142
142
142
142
143
143
143
144
143
144
144
144
145
145
145
146
145
146
146
147
146
147
147
147
148
148
148
153
148
149
153
153
153
154
154
1266
1270
1266
1270
604
1270
1084
1162
1125
1125
1125
1361
411
955
840
604
1216
1216
1270
469
469
1227
1163
1374
956
651
1085
411
1297
411
1085
956
1271
1227
1227
1227
1125
1216
260
1461
1461
411
1271
956
344
1297
1461
1271
469
1461
1126
412
1163
604
1271
1361
1442
1374
469
30
1227
1163
260
1374
787
1297
412
1163
893
1461
893
786
1297
786
841
1297
893
893
470
1164
894
1085
841
894
1375
894
329
1372
1272
1126
894
1297
344
842
786
1375
1126
1375
957
1248
408
736
30
30
30
605
122
1164
1164
1164
1164
1164
1164
1164
1164
1164
345
345
345
346
345
1053
754
754
754
755
754
755
123
629
626
1249
1249
1249
1249
31
31
31
31
32
32
346
1126
1164
680
679
680
679
1297
1297
1297
1297
1297
1443
1157
1157
1126
1126
957
957
1164
470
470
471
471
470
471
472
472
471
472
472
473
473
473
473
474
474
32
33
958
950
32
1376
1164
1164
1164
1164
1165
1165
1165
1297
412
1361
1361
1376
1
1165
1376
123
1166
1297
1297
1166
1297
413
1298
260
1376
1298
1298
1442
1298
1166
1166
1166
1166
1166
1166
1166
1166
680
1299
1299
1216
1166
1166
1166
1376
412
1461
1376
1216
1216
896
895
1272
1299
680
681
685
686
685
685
1376
1384
1384
1166
1166
1167
1384
1384
1385
1385
1299
755
33
33
33
34
34
34
1443
755
1085
1086
1086
1086
1086
1087
1087
1087
1126
329
330
330
474
1299
1299
1299
1299
1299
1299
413
413
261
1299
1299
1385
735
736
1299
1299
1299
1299
1300
1300
1300
1300
1301
1166
1167
1167
1301
1301
686
1167
1168
1385
1386
1386
261
261
261
262
262
262
262
263
267
267
267
267
268
268
1168
1168
1168
1168
1168
1168
687
685
1386
957
958
958
959
958
959
959
959
960
960
1443
1443
1443
477
474
477
477
477
1158
1158
1158
1158
478
478
478
478
479
479
479
1
1
2
1386
1387
1387
1387
1387
1388
1388
1388
1388
1389
1389
1389
1390
1389
1390
1390
1390
479
1391
413
1168
1391
1391
1301
1443
1233
34
35
39
39
39
40
39
951
1302
40
40
41
41
40
41
42
41
42
42
1391
2
841
841
842
842
843
843
629
652
651
652
652
652
653
654
842
843
843
844
844
844
480
1233
1392
1392
1392
1302
1168
1168
1168
1168
1168
1168
1168
1308
1308
1168
1392
1393
1393
1393
1394
1393
1394
1394
1394
1395
1395
1395
1395
409
1054
1054
1054
1055
1055
1055
1087
43
1308
414
414
414
419
1309
1308
1396
1396
1396
1088
895
895
895
897
896
896
896
897
897
898
898
897
898
898
899
899
900
899
1272
899
900
900
42
43
43
43
44
1055
1055
1055
1055
1055
1056
1396
735
737
1397
1397
1397
1397
1398
1398
1398
1398
1399
1399
1399
1399
1400
1400
1400
1400
1401
1401
1401
1404
1401
1249
1249
1249
1249
1249
1249
1249
1249
346
346
347
347
348
347
347
268
1169
1169
686
686
1309
1461
1461
1461
960
960
961
1
1404
1404
1404
1404
1443
1443
1443
1443
1443
1443
1404
480
480
480
961
348
154
155
1233
1233
1233
1233
1462
1169
1169
1170
1404
1404
1404
1170
1170
1088
1088
845
844
845
1088
1404
1309
1310
1310
1404
1404
1404
1404
1309
1310
2
3
1404
846
1404
1310
1311
1311
1311
1311
1311
1311
1361
1170
1170
1056
900
1170
1170
1170
756
756
756
1273
1273
1089
1089
1089
1170
1170
1170
1170
1170
1170
1170
1171
1170
1405
687
687
688
688
1405
1405
1171
1171
1405
687
689
1405
1234
1234
1056
348
349
348
349
350
349
349
350
350
350
351
351
351
352
1443
481
481
481
415
414
419
481
482
329
1235
1234
1234
1235
1235
1235
1235
1235
1235
1311
1311
1312
1312
688
1171
1172
1172
1172
688
689
44
44
45
44
45
845
1126
1089
961
961
966
962
966
966
1158
967
966
967
967
605
605
1216
1216
1216
1216
605
1172
605
605
605
605
605
605
605
1216
901
901
902
1405
967
968
968
968
969
968
969
969
970
969
970
970
970
971
971
154
1090
1090
1090
1090
846
845
846
846
847
847
1227
1227
1227
330
123
124
123
629
419
419
420
420
421
420
269
1312
420
421
421
421
1312
422
422
1361
422
422
423
1313
423
1405
1405
689
689
901
268
269
269
1172
1172
1172
690
690
1126
1126
1158
1126
1126
1126
1126
1272
1274
1273
1274
1462
1461
1462
1463
1463
1462
1463
1216
1216
1217
270
269
270
271
270
270
1217
1217
1217
1217
1217
1217
1172
1172
1405
1405
1172
1405
1405
1313
1172
1172
1172
1172
1405
155
155
155
156
156
156
156
157
157
157
157
158
158
158
159
158
159
159
159
160
160
160
160
161
1463
1313
1313
1313
1313
1056
423
423
424
424
424
1173
424
1313
1314
1313
1314
271
609
1217
902
901
1172
425
1314
425
609
609
1217
1217
1173
609
425
1314
1315
1315
1315
425
426
426
1361
1361
1361
1361
1361
1362
1362
1362
1315
1315
1315
1315
1315
1316
1316
45
1126
1126
1405
1405
45
46
46
46
46
47
47
47
47
48
48
48
1090
1090
1090
482
482
482
483
483
483
483
483
483
483
483
484
484
484
485
484
485
485
485
426
161
1405
1406
161
161
162
162
848
847
852
847
853
852
49
690
1249
1249
1250
1250
1252
1252
1252
1253
1252
1253
1253
630
1253
1253
629
630
630
1253
1253
1253
1253
1253
1253
1253
1253
1254
1443
1443
1443
1444
485
485
486
485
485
486
487
486
487
1127
2
48
49
49
351
1090
1090
1090
1090
1090
1090
1090
426
1172
427
427
427
427
1316
1316
1317
1317
428
1317
1317
1317
1444
1444
1444
1444
1444
1444
1444
1173
1406
902
902
903
1057
1057
486
487
736
1253
428
737
1317
1158
903
1173
736
1317
1235
826
1148
1148
852
1158
1127
1127
49
50
50
50
971
1253
162
903
972
971
630
1235
1235
1235
50
51
51
271
272
271
272
273
1217
1217
1217
1217
1445
1445
951
1317
1317
1317
272
1217
1217
272
273
273
273
274
274
274
1176
1176
1176
275
274
275
1176
1176
1176
1176
275
275
276
1176
1176
487
487
487
487
1127
1127
1127
1127
352
1127
352
353
1127
352
1090
1090
1127
1127
653
972
972
972
973
973
973
973
974
974
974
974
975
976
51
51
1218
1445
1176
1176
487
488
488
488
488
489
489
489
489
489
489
489
490
489
490
490
490
491
491
495
495
491
495
495
496
496
497
496
496
497
497
498
497
1317
1317
1317
1317
1317
1317
1318
1318
1318
1091
1091
1091
1092
1091
1092
1092
1092
1318
1218
1319
975
975
1319
1319
428
1319
1319
276
1319
1319
1319
1319
429
975
976
976
428
429
977
430
1319
1406
1406
976
977
1319
1235
756
353
353
354
353
354
354
354
355
355
355
356
355
356
356
1127
1127
1127
1127
1128
498
977
978
977
978
979
852
853
853
853
1092
1092
1092
498
499
1372
1127
1158
1128
1128
1463
3
3
4
4
3
1176
1176
1176
1176
1176
1177
1177
1463
788
787
787
788
787
789
788
788
789
789
789
790
1406
1406
1406
1406
1406
1406
1406
1177
1177
1177
1177
1445
1445
498
1406
1406
1406
1406
1406
1407
1407
1407
1407
1407
276
276
1177
277
277
277
278
1177
1177
1177
1177
1177
1177
499
499
499
500
1463
1463
1463
1463
357
356
357
357
357
358
358
358
1128
1319
1319
1273
1274
1275
1275
1274
1275
1275
1276
1276
903
1276
1277
1277
1276
1277
1277
1278
1278
1278
1128
1128
4
5
737
978
978
1278
904
904
904
904
905
905
905
1279
905
1218
906
906
1092
1092
1092
1092
1092
1092
1092
1092
1093
1092
429
757
757
757
758
757
758
758
835
835
277
278
1218
278
1218
1218
1177
1445
1445
1445
1177
1178
1177
1178
654
653
653
655
654
654
655
655
656
656
655
656
657
656
1128
1128
1128
1128
1128
1445
1463
790
790
790
791
791
791
791
792
792
792
792
793
793
1463
1463
1463
1463
1464
1465
1463
1464
1465
1464
1464
1465
1362
1128
1128
500
501
429
691
691
430
430
1319
1093
1093
1094
1093
1094
1094
1094
1094
1094
1094
1094
1094
1094
1094
1094
1094
1094
1094
1095
1094
1445
1445
358
162
163
163
163
163
164
164
164
827
330
1128
1158
500
331
737
738
1095
1128
1128
1235
827
827
827
1148
885
885
631
501
979
854
979
1129
980
979
980
981
980
331
359
359
1129
631
165
1253
1254
1254
1254
1255
1255
1057
1255
631
631
500
501
502
501
502
502
331
1149
1465
738
980
502
502
502
502
503
502
503
331
793
503
332
504
1465
1129
657
657
657
658
658
332
1129
1158
1158
503
359
793
796
796
796
796
797
797
1095
1096
1095
1130
1130
1130
1130
1130
1235
1130
1465
1130
1130
854
854
1130
854
1130
1465
1465
1465
1465
659
1148
1149
1149
1149
1149
1149
1465
1130
1465
1465
854
738
1218
1218
278
1218
1218
1218
1218
1218
1218
1218
1178
1178
1178
1178
1178
1178
1178
1178
820
819
820
820
821
821
821
821
1362
1407
1407
1407
1407
1407
690
692
691
692
692
691
693
52
52
52
53
52
758
759
759
759
906
906
1279
1279
1279
1445
164
165
165
166
279
1057
124
1319
165
166
1178
632
632
632
633
1319
1320
1320
166
166
167
167
167
167
168
168
168
168
169
169
169
169
170
170
170
170
173
173
1057
173
173
174
174
174
175
174
175
175
175
176
176
176
177
176
177
177
177
178
178
178
178
179
179
179
179
180
180
180
180
181
181
181
182
181
182
182
182
183
183
610
1280
610
610
610
1280
1280
611
1281
611
1445
53
981
1362
907
1096
658
816
907
1218
1178
611
1096
854
854
1320
431
279
504
738
359
360
504
1227
981
982
1320
1178
360
504
1407
1362
1362
1445
4
360
53
658
1096
1321
1321
430
981
1445
504
1096
1407
1178
360
1281
1407
1178
431
504
1321
505
982
504
1281
1407
1362
1362
1282
504
1280
1465
1321
1362
907
505
982
1321
1178
1130
982
907
1227
332
816
1282
1321
909
1321
183
124
739
1255
1255
124
125
854
1321
53
1219
1219
1219
125
1179
692
279
280
1179
1179
1179
1179
1179
1179
363
363
363
363
364
364
364
739
760
759
760
760
761
760
761
761
762
761
431
54
54
54
55
54
55
1096
1130
693
693
693
1321
1321
1130
1130
1130
1131
1131
983
983
1446
121
890
1179
506
505
506
506
505
506
506
506
506
506
507
507
507
508
1372
507
508
508
55
56
55
56
56
56
59
59
59
986
60
1179
1179
1179
1179
1179
1407
1408
1362
1445
1446
1465
1362
1362
1362
1179
633
1281
611
612
1321
1321
1321
694
694
1407
431
431
432
1321
279
280
281
1408
1446
1321
1321
1446
1322
1179
1180
1179
1180
1180
1180
1465
909
1219
1408
1408
1180
1408
910
1466
1446
1408
1219
5
1322
1283
1282
1283
694
1322
694
695
695
695
695
696
696
1408
1408
1408
1408
1408
1322
762
762
762
763
59
60
60
1323
1233
1446
1096
1096
1096
1096
1096
1096
1096
1096
647
333
333
332
508
508
1233
1323
1323
1323
1323
1323
1323
1323
1323
1323
1408
1408
1408
1408
739
739
696
696
1323
1323
1323
1323
1323
1323
1324
1324
1324
1324
333
697
697
1180
1180
1408
1409
5
1409
5
697
280
281
280
281
1180
1180
1180
698
698
1409
983
983
986
986
986
987
987
987
988
987
988
988
988
365
1446
508
508
816
1158
1159
1158
508
509
509
509
509
510
6
6
6
7
6
1409
1409
1409
1409
1409
1409
1409
1409
1409
1409
1409
1409
1409
1410
7
1410
1410
1410
1410
510
1180
1180
1180
7
1410
1410
1410
1446
61
60
61
61
61
62
62
62
62
1057
1057
1325
63
63
63
63
64
64
64
8
8
838
837
854
854
659
659
659
660
660
661
660
660
661
661
364
510
1282
854
854
854
854
854
854
855
855
856
510
510
510
510
510
511
511
511
511
1325
512
1236
1235
1236
1235
1237
1410
1410
1180
1180
1181
1180
1181
1181
1181
1182
1182
1182
1182
1325
1182
1410
1410
1410
1410
1410
1410
1411
1411
1411
1057
1058
1058
1059
1058
1058
1096
1096
65
1325
431
431
1325
1325
1325
1411
1411
1411
1411
740
910
910
911
612
612
911
910
911
912
912
911
913
912
913
912
914
913
913
914
914
914
64
65
65
65
7
1411
8
1062
1059
1447
1411
1149
740
740
740
741
741
741
1411
1411
1411
1411
1411
1411
1411
1412
1412
1412
1412
1412
1412
1412
1412
1412
1182
1412
1412
1412
1412
1412
1412
1412
1255
1255
1255
1255
1255
634
1255
1255
1255
1255
365
365
1219
1182
701
699
1447
1466
989
989
1413
1413
8
1413
1413
1413
1413
1413
1413
1413
1413
1447
1413
1413
512
512
512
515
1447
66
612
1325
183
184
184
1236
1237
1237
1236
1237
1237
1237
1237
1237
1237
1237
1237
1237
1237
1237
1237
1182
697
698
515
1097
1097
1097
855
855
701
1097
1325
1325
1325
1325
1325
1325
1413
9
1325
1325
1328
702
9
915
1413
1328
1328
1328
989
1182
698
701
1182
701
742
1131
741
742
885
1182
856
763
1132
1132
1131
1100
1100
1100
1100
703
1413
1182
1182
1182
1182
1182
1183
1183
1183
1183
702
702
1184
1184
1184
703
702
1413
1414
1414
1184
1184
1184
1184
1184
1184
703
703
704
704
1237
1059
365
366
366
366
367
366
367
367
367
368
368
368
368
369
369
369
432
1328
1373
515
515
516
1247
1238
1238
1238
1239
1239
1239
1328
1255
1184
433
1414
1414
1184
1184
704
1414
1414
66
66
66
67
989
990
990
990
990
991
991
991
992
1184
614
1219
1219
1219
1219
1219
1219
613
1184
1184
613
613
1219
1219
1219
1220
915
991
992
992
992
993
993
993
993
994
994
994
995
994
995
995
996
995
996
996
997
996
997
184
857
856
856
1227
1227
125
1328
432
431
433
1328
282
1328
1328
1328
1328
1328
1414
1414
1414
1328
281
1184
282
282
283
282
283
1132
1132
1132
1447
1447
1185
1284
1283
1284
1466
1466
1466
1466
1466
1466
284
283
284
283
284
287
284
1219
1185
1185
1185
704
1328
1328
432
1329
1329
1185
1185
1414
1414
184
185
185
185
185
186
186
1059
186
191
186
187
191
191
191
192
192
192
192
193
193
193
193
194
194
194
1466
1466
1466
1329
1329
1329
1329
1329
433
1329
1062
1062
433
433
433
433
433
1185
434
1329
434
287
288
287
287
288
1220
1329
434
434
614
614
613
1220
1185
615
614
1329
1329
1362
1363
1363
1363
1329
1329
1329
1329
1330
1330
1330
1330
1330
1330
67
1372
1132
1414
1414
67
67
68
68
68
69
68
69
1100
1100
1100
516
516
517
516
517
517
518
517
518
518
518
519
519
519
519
520
520
520
520
521
435
194
195
195
857
857
858
857
69
70
69
70
70
70
71
71
705
632
1256
1255
1256
1256
1256
1257
1257
1257
1257
1257
1257
1257
1257
1257
633
1257
1257
1257
634
1258
1257
1447
1447
1447
1447
522
521
521
1132
1132
71
72
71
72
72
77
73
72
77
1100
1100
1100
1100
1100
435
435
1185
1185
1185
1185
435
436
436
436
439
705
1414
1414
1330
1330
1447
1447
1447
77
9
1414
1415
915
522
521
1158
522
1132
439
662
742
440
1132
1466
1150
705
705
706
1466
1466
78
77
78
78
79
1330
1330
436
195
1373
997
1238
1239
1239
1239
1239
1239
1239
1330
78
79
288
288
289
289
289
290
1220
1220
1220
522
1447
1330
290
1220
1220
289
290
291
290
291
1185
1185
1185
1185
1186
1186
1186
1186
1186
1220
1220
291
291
1186
292
1186
1186
1186
523
369
370
1132
1132
370
706
706
706
707
1100
708
998
997
998
998
998
79
80
1447
1186
523
523
523
524
524
524
525
524
525
525
526
1186
526
525
526
527
526
527
528
527
527
528
528
533
533
533
534
534
533
534
534
535
535
535
535
535
535
615
1330
1330
1330
1330
1331
1331
1331
1331
1332
1332
1100
1100
1100
1101
1101
1101
1102
1102
1101
1102
1102
1102
1102
1102
1102
1102
1102
1102
999
1332
1332
1332
999
1415
1415
1186
1332
1332
1332
1332
1332
292
1220
1186
1186
1186
1332
1000
1186
1187
439
1332
999
999
1004
1004
439
440
440
440
1466
1332
292
1004
1332
1415
1333
1004
441
293
1187
1363
1239
1239
1239
1239
1239
1239
763
370
371
370
371
371
372
371
372
372
79
1132
1132
1132
1132
1133
1133
1005
1005
1005
1187
858
858
858
859
859
859
860
859
1102
1102
535
1133
1133
1133
1159
9
10
1466
797
10
10
10
1187
1187
1187
1187
1187
1187
1187
1187
1187
1187
1467
1467
1467
1467
1467
1467
798
797
798
798
798
799
799
799
535
535
1415
1415
1415
1415
1415
535
1187
1187
1447
1448
1448
1448
1415
1415
1415
1415
1415
1415
1415
1416
1416
1416
1416
1416
1416
1220
292
293
293
294
1188
1187
1188
1188
535
707
1448
1467
372
373
373
373
373
1332
1283
1284
1285
1285
915
1284
916
916
916
1285
916
1286
1133
1133
1159
11
11
11
951
1133
799
634
743
1005
916
916
916
1286
916
917
917
1220
917
1102
1102
1103
1102
1103
1103
1103
1103
80
441
441
196
1448
763
764
764
764
765
764
765
765
765
767
835
836
1188
1220
1188
1188
1188
1448
1448
661
662
662
663
663
662
663
663
664
664
664
666
664
666
667
667
667
1133
1133
1133
1133
1133
1448
1467
1467
800
800
800
1467
1467
1467
1467
1467
1467
1468
1467
1468
1468
1468
1468
1468
1468
743
1363
1363
1363
1363
1133
374
535
1188
293
1416
860
1133
1103
1103
1103
1104
1104
1104
1104
1104
1104
1104
1104
1006
195
196
196
197
196
197
197
198
197
198
198
198
199
199
828
828
742
667
860
860
828
829
744
1133
861
1239
1240
374
374
829
829
890
633
1006
535
743
1006
861
1134
1134
1134
1006
1007
1007
535
375
408
374
375
375
1257
199
1062
200
199
634
200
200
1257
1257
1258
1259
1258
1258
1063
1259
1259
1259
1259
1259
1259
635
635
636
635
635
125
535
536
1469
1468
1149
1469
744
743
535
536
536
536
537
537
537
1007
1469
1259
537
537
537
668
376
1160
1159
744
745
668
800
801
801
802
801
801
537
1104
1104
1104
1104
1104
1104
1104
1134
1134
861
1469
1134
1134
1104
861
647
1134
828
862
376
375
1469
668
537
669
830
1150
1156
1156
1156
1156
1156
1156
1156
891
1469
1134
1134
1134
1134
1134
1134
1469
1188
1188
1220
1220
1221
1221
1221
1221
1221
1221
1221
1221
1221
1188
1188
1188
1188
1195
1188
1195
1195
1195
200
1416
1416
1416
707
707
709
708
80
767
768
767
767
918
1285
917
918
918
1287
918
1286
1286
1449
441
201
201
201
201
294
1195
441
1063
1063
1064
202
202
203
1007
126
636
636
637
1332
1333
1416
202
202
203
203
203
204
204
204
204
205
205
205
205
206
1063
1064
1064
1064
206
206
206
207
207
208
207
207
208
211
208
208
211
211
211
212
212
212
212
213
213
213
213
214
214
215
214
214
215
216
215
215
216
216
217
216
217
217
217
218
218
218
218
219
219
1287
1287
615
1449
1227
1287
376
1160
1134
334
1469
1134
615
1221
708
376
1469
1008
1008
80
1333
1227
1195
294
1221
1105
1416
537
1363
1135
1105
862
1135
1416
1416
537
537
537
1333
1105
1416
1105
1469
1008
1009
1195
537
1334
294
1334
668
1221
1195
537
1135
1228
918
1221
1287
1416
1195
81
1195
295
1417
1195
1195
669
1417
1363
1287
537
1334
1417
1469
918
1195
919
1135
1469
1287
1008
1228
1135
1009
1417
81
1160
1135
636
126
1259
1135
1287
1334
81
616
1221
1449
12
295
295
295
1195
1195
1195
1196
1196
1196
1196
1196
1196
381
1065
1065
1065
768
768
768
769
769
769
769
770
770
770
770
1259
1259
1259
1259
1259
82
81
82
1449
1105
1135
1135
1135
1135
1196
1196
1196
708
709
709
709
710
710
710
1334
1334
1334
1334
1334
1334
441
1334
1334
1334
1449
1135
1135
1135
1135
1009
121
538
537
538
538
539
538
539
539
539
540
540
540
82
83
1009
1010
1010
1196
1196
1469
1196
1196
1196
1196
1196
11
1197
1197
1363
1363
1334
1449
1334
1363
1334
1197
1335
1417
1335
1335
1287
711
1287
442
1335
1336
1221
1221
1222
333
1449
1449
1449
1336
1287
918
1197
1197
1197
1197
1197
1197
1197
1197
1197
1197
1197
1336
1198
1197
1417
441
918
12
1469
1470
616
1449
1417
1417
1222
919
919
919
1287
711
710
711
711
712
713
712
1417
1417
1197
1198
1417
1417
12
1287
1417
442
771
771
771
771
772
83
82
83
83
84
84
951
952
1449
1105
1105
1106
1105
1106
1106
1106
1106
1106
1106
1106
1106
1106
1106
1106
1198
334
1336
1336
1336
334
540
1336
1336
1336
1336
1336
1336
1336
1336
1336
1336
1233
1417
1417
1418
1418
1417
744
745
745
712
1337
1337
1337
1337
1338
1338
1338
1338
1338
1338
1338
1198
1338
1338
745
13
1418
1198
1198
1198
1198
1418
1418
1418
1422
1422
1422
12
296
296
296
296
297
1198
1198
1198
1198
1198
1198
1198
713
1010
1010
1011
1011
1011
1011
1012
1012
1012
1013
1012
1013
1013
1013
541
541
1160
1160
542
541
542
543
541
542
1373
542
13
13
14
13
1422
1422
1422
1422
1422
1422
1422
1422
1422
1422
1422
1422
1423
1422
1423
1423
543
543
1424
1423
1424
1424
1424
441
1338
746
84
85
85
84
85
85
86
86
86
86
87
87
1338
952
87
88
88
87
88
838
1106
1106
862
862
863
863
864
863
863
864
864
669
670
669
670
671
377
670
381
381
544
543
864
865
865
865
866
544
544
544
545
545
442
1240
1240
1240
1241
14
1424
1424
1424
1338
1199
1198
1199
1199
1338
1338
1338
1199
1199
1424
1424
1424
409
1066
1065
1106
1106
1107
1107
89
88
1338
1340
1339
1339
1339
1424
1107
920
920
920
616
920
617
616
920
617
921
920
920
921
921
920
922
922
922
921
922
922
922
922
922
923
923
1287
928
89
89
14
1066
1066
1066
1067
746
1424
1424
1424
1424
1424
1425
1425
1425
1425
1425
1425
1425
1425
1425
1425
1425
1425
1425
1425
1425
1259
1260
1260
1259
637
637
1260
1260
381
382
382
382
1222
1222
1222
297
1222
1199
712
713
713
714
714
714
1233
1339
1469
1014
1014
1233
1425
1426
15
1426
1426
1449
1449
1426
1426
89
617
638
637
1241
1241
1241
1241
1241
1241
1241
1241
1241
1241
1241
1241
1241
1241
1241
1426
1222
714
1426
545
865
866
1107
867
1340
90
1340
1340
1426
1426
1426
1340
15
14
15
1426
1135
1138
923
442
1340
1199
1138
1067
836
772
772
772
776
1287
1288
1107
1107
1107
1107
1108
717
715
717
718
1426
1426
1199
1199
1199
1199
1199
1199
1199
1199
1200
1426
717
1199
717
718
718
1426
1426
1427
1427
1427
1427
1427
1200
1200
1427
719
719
1242
383
382
383
383
383
384
384
384
385
384
385
1449
1449
545
546
546
546
546
334
335
1242
1242
1242
1243
1243
1243
1243
1340
1200
1200
1363
443
1427
1200
1200
1200
1200
1200
1200
1200
718
1340
1427
1138
866
1108
1138
1014
1014
1015
1015
1015
1016
1015
1340
1340
335
1016
1016
1016
617
618
90
1222
1222
1200
1200
1200
618
618
619
618
1222
1222
1222
1222
1222
928
1017
1017
1017
1017
1018
1018
1019
1018
1018
1019
1019
1019
1020
1020
1020
1020
1021
1021
385
219
1108
1108
1138
866
867
867
1138
1138
1228
335
335
126
127
638
638
126
127
1340
443
443
1340
443
1201
1340
1340
443
443
1363
443
444
1340
443
1363
1341
444
1340
1427
1427
719
719
297
298
297
298
720
1247
1243
1233
1138
1160
1138
1138
1449
1287
1290
1290
1469
1470
1470
1222
298
299
298
299
299
299
300
300
300
1222
1223
1223
1223
1223
1223
1223
1223
1223
1200
1201
1427
1201
1201
1427
1341
445
1341
300
1223
1201
1427
1427
1427
219
220
220
220
220
221
221
221
221
222
222
222
222
223
223
223
223
1470
1470
1341
1342
1160
1067
1068
444
445
444
1342
1342
1342
1201
1201
445
445
1342
1346
1342
1223
445
445
1346
445
1223
929
1201
619
619
446
1346
1346
445
1346
1366
1366
1367
1366
1367
1366
1346
1346
1346
1346
1346
1346
1346
1346
1346
1346
1346
1138
1138
1427
1428
1428
1428
1428
90
91
90
91
91
91
92
92
92
92
1108
1108
1108
1108
1108
547
547
547
547
548
548
548
549
548
549
549
550
549
550
550
550
553
553
553
554
553
555
554
554
554
555
773
446
749
224
224
224
867
868
868
868
93
93
93
93
868
720
720
1261
1261
1261
1261
1261
1261
1261
1261
1261
1261
1261
1261
638
639
639
639
1261
1261
1261
1262
1261
1262
1243
1367
1367
1450
1450
1450
1450
1450
556
1201
1201
1138
1201
1201
1201
1201
94
1108
1108
1108
1108
1108
446
446
447
447
1202
1201
1201
447
447
447
447
447
448
1428
1347
1347
1347
1348
1347
1348
1348
721
1348
1450
1450
94
1202
1428
1428
928
928
929
929
929
930
930
930
931
555
555
556
1263
305
670
672
1450
1138
1160
1202
639
869
869
829
1288
720
1470
385
94
97
94
97
1021
1348
1348
1348
1348
229
225
930
1024
1243
1243
1243
1243
1243
97
97
1223
301
1223
305
305
1223
306
1223
1223
557
1451
1348
305
306
306
307
1202
1202
1202
1224
1224
307
307
1202
1202
1202
1202
556
556
557
557
557
1138
671
822
386
386
1138
1139
1139
386
722
1108
1108
1139
1139
747
1021
1024
1024
1025
1024
1025
1025
1025
1026
1027
1026
98
98
1224
1451
1451
1451
1202
558
558
558
558
559
560
559
559
559
560
560
560
561
561
561
561
562
562
562
563
563
562
563
564
563
564
564
564
565
565
566
565
571
565
566
566
571
571
571
572
572
572
572
1202
15
16
1348
1348
1348
1348
1348
1348
1348
1349
1349
1349
1349
1350
1350
1109
1109
1109
1109
1109
1109
1109
1110
1109
1110
1110
1110
1110
1110
1110
1110
1110
1110
1110
1026
1350
1350
1350
1026
1027
1202
1202
1350
1350
1350
1350
1027
1027
447
1028
1028
1028
1029
1028
1029
1350
1030
1350
1350
1350
1350
1350
1029
1029
721
1428
1350
1428
1428
1428
1351
1351
1351
1030
1031
448
1030
1030
1351
1351
1351
1202
306
1243
386
387
387
387
388
387
388
389
388
388
389
389
390
98
1140
1140
1140
1140
1140
1031
1031
1031
1202
872
869
869
872
872
872
873
1110
1110
1110
1110
1140
1140
1140
1140
1140
1160
1160
1160
1140
1140
16
16
16
17
17
1203
1203
1203
1203
1470
1471
1471
802
802
802
803
803
803
803
804
804
952
1428
1428
1428
1428
1203
1451
1451
1451
1428
1429
1429
1429
1429
1429
1429
1429
1429
308
308
1203
1203
307
308
309
308
1224
1224
1203
1203
1203
1203
1203
1203
1203
573
1451
1470
1471
1471
1471
1471
1471
389
390
390
390
391
391
391
1032
1351
1290
1291
1291
1290
1291
1291
931
1291
1291
1291
1291
1291
1291
932
1291
1291
1291
1291
1291
573
1140
1140
1140
1141
1140
952
17
17
1243
640
953
1032
1291
931
931
932
1292
932
1292
1292
932
933
933
933
619
933
934
934
934
1111
1111
1110
1111
1111
1111
1111
1111
573
1451
777
776
776
776
777
777
777
778
836
836
837
837
1224
1203
671
671
672
672
672
673
673
674
673
673
1141
1141
1141
1142
1142
830
830
804
1471
804
805
805
805
805
806
806
806
807
806
807
807
808
1471
1471
1471
1471
1471
1471
1471
1471
1472
1472
1472
1473
1473
1472
1473
1368
1368
1368
1368
1368
1368
1368
1142
574
1203
1204
1224
309
1112
1111
1112
1112
1112
1112
1112
1112
1112
1112
1112
1112
1112
674
1451
1451
336
224
229
229
229
230
230
230
231
230
231
232
231
231
232
232
232
830
831
831
674
674
675
675
873
1160
1243
874
873
1243
1142
391
1243
392
1156
831
890
891
640
574
1032
1032
1033
1142
1473
1473
1473
1473
1142
392
1142
573
392
392
393
233
233
233
233
1262
1262
1263
1263
1263
1263
640
574
574
336
336
575
575
575
575
337
746
746
576
576
576
577
577
578
337
807
1142
1033
834
576
1473
1473
1473
577
393
873
675
953
874
1160
1160
578
676
749
1160
808
809
808
808
809
809
809
1156
1112
1112
1112
1142
1142
1142
1142
874
1142
1142
1142
1142
1244
875
874
875
875
876
1143
1143
336
1473
675
676
1143
1156
1156
1156
890
875
1473
1144
1161
1473
876
876
1224
1224
309
1224
1224
1224
1224
1224
1224
1224
1225
1225
1225
1225
1225
1225
1225
1225
1225
1204
1204
1204
1204
823
822
822
822
823
823
823
1204
1429
1429
1429
1429
721
721
722
99
98
99
99
934
935
1293
1293
1292
935
1247
1451
234
234
234
1473
1204
1474
449
1067
127
234
235
235
235
236
127
1204
310
640
1351
1351
1351
1351
1351
1429
577
235
236
236
236
237
237
237
238
237
238
239
238
238
239
239
239
240
1068
1068
1068
1069
240
241
240
240
241
241
242
241
242
242
243
242
243
243
244
243
244
245
244
244
245
245
245
246
246
249
246
246
249
249
249
250
250
251
250
250
251
251
251
252
252
1293
620
620
1429
1451
1112
578
935
1293
1143
1368
99
1033
1429
935
1351
1473
1228
579
1351
1113
1228
1033
1369
1156
620
100
100
578
1034
1204
1351
1351
1352
936
1204
1352
1204
100
579
1204
1473
1204
1293
1429
310
1430
1228
1369
834
1369
1204
876
1369
1430
1204
1352
1352
1430
579
1474
1352
579
101
309
1430
1204
816
1225
1225
1370
676
814
1352
1113
810
814
936
1113
310
1370
936
580
1034
936
580
1293
1474
448
1474
1352
1293
580
641
128
252
641
1263
128
409
1352
100
621
620
1225
1225
1225
1451
18
129
128
1205
1205
1205
1205
1205
1205
722
394
393
393
394
394
394
395
395
1069
1069
1070
1069
1070
778
778
779
779
778
779
780
779
780
1074
781
449
641
101
101
102
101
102
102
102
409
1352
448
395
396
395
1144
1118
1144
1144
723
722
723
1352
1352
1352
1352
1352
1352
1352
1451
121
121
580
581
581
581
582
582
581
103
103
1205
1205
1205
1205
18
1205
1205
1205
1430
1370
1451
1452
1353
1370
1370
1370
18
1353
1205
1293
1353
1353
1293
1430
449
1205
1293
449
449
1353
310
311
311
311
311
312
312
312
314
337
1205
1452
449
449
1353
937
937
1206
1206
1206
1206
1474
1353
1353
449
1206
1206
583
1353
21
1452
937
1430
1430
21
723
937
1353
1353
723
724
724
725
724
724
1430
1430
1430
1430
938
1430
780
780
781
781
782
103
953
781
782
1118
1113
1118
1144
1144
337
1353
338
582
582
1353
1353
1353
1354
1353
1354
450
1233
1430
18
1430
1430
749
750
396
396
749
725
1354
1354
338
338
1354
1354
1354
1354
1354
1354
1354
1354
1354
1354
1206
1354
1206
1206
1206
1206
1206
1206
1206
1431
1431
1431
1431
1431
1431
1431
314
314
312
314
315
315
315
315
316
316
316
1206
1206
1207
726
725
1034
1034
1035
1035
1035
1035
1036
1036
1036
1036
1037
1037
1452
1452
1207
583
584
583
583
584
584
584
585
21
22
21
22
22
1431
1431
1431
1431
1431
1431
1431
1432
1431
1431
1432
1432
1432
1432
1432
1432
1432
1432
1432
1432
1432
1432
585
450
1207
1432
1432
1354
1452
1452
103
104
104
104
104
105
105
105
105
106
106
106
877
877
877
877
878
878
676
677
677
397
677
678
396
397
878
878
879
879
879
585
585
586
586
1474
450
1244
1244
1433
1432
1433
1433
1433
1355
1207
1207
1207
1207
1207
1207
1207
1207
1207
1355
1207
1207
1433
1433
1433
1433
1433
1070
1070
1071
1071
1072
1118
1119
1119
107
1355
450
106
1355
1433
1433
938
938
939
938
939
939
940
939
940
940
940
941
941
941
942
941
942
942
942
943
1293
943
943
944
943
944
944
945
678
107
107
107
1207
1208
1207
23
1071
1071
1072
1072
1072
1073
1074
621
1433
750
750
1433
1433
1433
1433
1434
1434
1434
1434
1434
1434
1434
1434
1434
1434
1434
1434
1434
1434
1434
1434
1435
782
1435
1435
1435
1435
1435
1435
1435
252
1263
1263
1263
1263
1263
641
1263
397
397
317
1225
1452
1453
1233
1355
1355
1355
1474
1474
1475
1037
1037
1038
1042
1042
1435
1435
1435
1435
1453
1453
1453
1435
1435
1435
1435
586
108
621
253
253
253
1244
1245
1245
1245
1245
1245
1208
726
1208
586
726
1119
1119
1120
879
880
880
1120
1120
880
22
1355
1355
1355
1355
1436
1436
1436
1436
23
1355
23
23
1355
1355
1355
1355
1356
1356
1356
1208
725
1208
1144
1208
1208
1293
1293
1293
1293
1293
1144
1144
1120
1121
1121
1121
1436
1208
1208
1208
1208
1208
1208
1208
1208
1209
727
1436
1436
727
726
1208
728
727
728
727
1436
1436
1436
1436
1436
1209
729
728
728
1356
1245
1245
1245
1245
1073
398
398
398
401
401
398
401
401
402
402
402
402
403
1453
587
1233
587
1245
1245
1245
1245
1245
1245
1245
1246
1356
1356
1356
1356
1370
1370
1371
451
1356
1209
1209
1209
1209
1209
729
1356
108
108
1121
1122
1122
881
1042
1042
1043
1043
1436
339
1356
622
1225
1226
1226
1226
621
1209
1209
622
622
623
622
623
623
1226
944
1437
1044
1043
1044
1043
1045
1044
1045
1045
1044
1045
1045
1045
1045
1045
1045
1045
1045
1045
1373
253
1122
1122
881
1228
1228
1232
1232
1232
1232
128
642
642
129
451
1356
451
452
451
457
452
1356
317
317
1209
1356
1356
1356
1357
457
457
1357
457
647
642
458
1357
1357
1357
1246
1436
1436
729
730
729
1209
316
1209
1209
1209
730
954
1144
1144
1144
1144
1144
1144
1453
1209
1294
1294
1294
1295
1475
1475
1475
1475
1475
1475
1475
318
318
317
318
319
319
318
1226
1226
319
319
320
320
320
321
1226
109
1210
1209
1437
1210
1436
1210
1226
1210
1210
1437
1437
254
254
255
254
1210
254
255
255
255
256
256
256
256
257
257
257
258
1475
1357
1357
1357
1357
1357
1357
1357
1161
459
458
458
458
459
1357
1357
460
1357
1358
1357
321
1358
1358
1358
624
459
460
459
623
624
1226
1226
1226
1210
1210
1358
1358
1358
1371
1371
1372
1371
1372
1358
1372
1358
1358
1358
1358
1358
1358
1359
1358
1358
1359
1359
1359
1144
1145
1437
1437
1437
1437
108
109
109
109
110
110
110
111
115
110
1122
1122
1122
587
588
587
588
591
588
588
591
591
591
592
592
593
592
592
593
593
594
593
1453
257
258
258
258
259
115
115
116
115
116
116
730
731
733
730
1263
1264
1263
1263
1264
1263
1265
1264
1265
1264
1265
1265
1265
642
1265
1265
1265
1265
1265
1265
1265
1265
1265
1265
1372
1437
1453
1453
1453
594
594
1145
1145
1210
117
953
403
1122
1122
1122
1122
1122
1122
1122
460
460
1210
1210
1210
1210
461
461
462
461
462
461
1437
1437
1359
462
462
1453
1453
1453
1453
1453
1210
116
117
117
1437
1437
1437
945
945
129
129
1073
1073
1045
594
595
595
595
596
1160
403
643
1210
750
338
838
1161
831
1210
1122
1145
1145
947
1145
1045
834
880
1156
1437
118
118
117
118
119
118
1359
463
1359
1045
1246
1246
1247
1247
1359
119
119
119
321
320
321
1226
322
1226
1226
595
322
322
325
322
1226
1226
323
323
325
1211
1211
1211
1211
1211
1211
1211
1211
325
325
326
1211
326
596
596
404
404
403
404
405
404
1145
1146
677
405
405
733
733
1145
1146
1146
1146
1146
1046
1045
1046
1046
1046
1047
1047
1047
1048
1047
24
24
1227
624
1211
1211
596
597
597
597
598
597
598
598
599
598
1454
599
599
599
600
600
601
600
600
601
601
602
601
602
602
602
603
603
603
603
603
603
603
603
603
603
1359
1359
1359
1359
1359
1359
1359
1360
1359
1360
1123
1123
1122
1123
1123
1123
1123
1123
1123
1123
1123
1123
1123
1360
1211
1438
1048
1048
1360
1211
1211
1360
1360
1360
326
1049
1048
1360
1211
1360
463
1049
1049
1050
1049
464
1360
463
1360
1437
1360
1050
1050
1050
1360
1360
1438
1438
1438
1360
1438
1051
463
1360
1247
1247
1247
1247
782
405
406
406
406
406
407
407
120
120
120
120
1161
1146
1146
1146
1147
1051
1051
1052
1051
1052
1052
1053
1052
1211
881
882
881
882
882
883
883
882
883
883
884
884
884
1123
1123
1123
1147
1147
1147
1147
1147
1147
1162
1148
1475
1475
1475
814
24
25
1214
1214
1214
1214
1214
1214
1214
1214
1475
1475
1475
1475
815
815
814
815
815
1438
1438
1438
1438
1438
1214
1214
1214
1453
1454
1438
1438
1438
1439
1438
1438
1438
1439
1439
1439
1439
1439
1439
1439
1439
326
1214
1214
1214
327
327
327
327
1215
1214
1214
1215
1215
1215
1215
1215
1215
1215
603
603
603
603
603
603
1476
1476
1476
1476
1477
1477
1477
1477
407
407
1295
1295
1294
1295
1295
948
1295
1295
1295
945
1295
1295
1295
1295
1295
1295
25
24
25
26
25
26
1147
1053
1053
947
948
949
1295
1296
1295
948
948
949
949
949
950
624
950
1124
1123
1124
1124
1124
1124
604
259
259
1227
834
