7391
518
1199
1187
1189
1186
1185
1189
1188
1187
1190
505
1461
1411
986
1197
1199
1198
993
221
1051
929
928
929
427
1256
1253
674
674
1253
785
786
784
1177
1172
1183
1478
1198
1475
502
1477
1473
860
856
1470
1471
1475
495
1461
1461
498
478
486
490
491
494
480
495
487
483
485
489
502
490
1416
1415
1418
1416
1420
1184
1172
1381
120
260
233
696
786
1467
1480
894
819
891
35
1200
882
24
32
894
893
914
893
873
888
912
867
17
17
17
34
18
27
40
1227
1031
751
1259
962
955
963
1257
961
962
1123
1124
1124
956
714
714
716
669
433
1241
1241
1122
1111
1035
635
642
659
1126
781
781
630
805
1245
1110
1110
269
1110
692
691
1321
1376
459
633
1014
1021
1010
1012
1001
1119
1008
1241
435
1374
377
599
576
1469
1469
506
506
506
1151
1151
1221
1223
1217
1221
1219
1219
1219
507
1208
428
431
1451
1249
1249
481
1241
1225
1376
1378
557
549
638
668
499
1208
115
88
147
136
4
98
146
439
271
640
642
117
1205
271
1447
1448
1475
1469
861
16
916
906
1178
1179
1115
1178
1168
1180
633
647
1170
1195
675
624
626
1176
270
271
70
599
1463
1461
543
554
670
662
658
489
479
483
485
642
1170
61
318
300
297
307
301
298
304
321
308
326
316
851
206
216
994
155
990
212
994
724
752
1461
1265
1265
1265
1205
1264
1263
1265
1263
1448
1263
1448
1264
1152
1153
1153
355
365
353
337
1225
396
380
379
396
378
391
417
388
410
409
417
390
1337
1336
1337
1338
787
980
798
791
1207
789
1207
968
15
12
14
1370
958
960
1370
189
1284
441
1036
854
754
1259
1257
220
1272
1247
1248
1096
447
445
1149
542
542
1276
529
521
948
510
537
725
720
718
1350
806
1124
1113
720
717
512
511
535
540
1332
1334
1453
1453
1336
1455
523
1113
1114
1336
1334
1115
949
523
949
538
522
953
1453
525
537
1453
1453
1452
1452
1455
942
953
535
947
954
722
732
733
537
1443
1439
1439
681
1025
1444
1263
264
1173
1171
1117
1419
1358
736
71
1025
295
299
684
78
1459
1451
239
1269
1352
1254
34
1145
1103
1143
50
1356
1207
1451
1469
1451
1404
311
850
503
337
1145
1442
1328
595
1163
333
1438
114
1462
1177
1149
1457
1211
1330
1417
1226
1269
80
426
1469
267
1413
1286
1474
1105
1134
243
432
333
1107
1471
456
1470
619
472
978
978
550
1457
1109
43
61
1126
1314
1126
1257
1253
1207
1179
967
464
581
59
1476
1274
1169
1153
1352
1209
1469
1242
1348
1340
1342
1414
1372
185
178
180
1457
178
178
175
194
167
587
1245
1243
1243
1244
1351
1186
1186
1188
1193
1190
1187
1438
1151
1150
1223
1221
1223
1221
379
380
412
406
383
395
604
1169
757
818
824
813
820
1165
1156
1100
938
932
13
637
637
1180
1404
1325
1328
761
741
1385
1398
1383
1395
124
130
81
128
123
116
97
708
86
110
105
123
408
503
1015
1030
1344
1041
760
1205
219
261
778
770
756
1158
1358
1422
1422
1291
921
268
1037
1448
756
451
471
1457
1085
698
1162
1412
1151
1104
1102
1227
1066
186
233
164
175
164
160
175
243
1243
1160
1160
1361
989
1204
1202
1428
1144
332
1436
317
330
1127
791
1207
1052
828
359
368
369
354
827
1319
1317
1287
508
206
507
1287
1301
1438
1434
470
1186
1341
1339
1342
1344
404
402
1198
1190
886
904
866
1263
18
51
33
27
1115
433
440
434
135
1057
1080
1082
1080
1084
1058
698
701
1367
463
463
1435
1205
1445
1073
1055
1053
1079
1078
1075
1070
920
1164
1204
760
758
447
454
824
234
199
1286
1268
1295
842
1407
1409
1405
1368
1411
843
1408
1406
1406
77
1407
1410
1405
251
245
252
206
265
205
372
346
1267
1357
1354
1356
1355
1451
1353
1354
1355
1355
1354
1227
1228
1228
703
1373
706
705
703
641
643
713
713
1391
118
94
149
145
85
131
566
568
568
1432
1316
1427
1293
1427
1437
1426
1426
1431
1269
1428
1438
1291
1313
1434
1287
1438
105
1434
1135
223
1304
1270
609
1198
347
1338
1346
1348
409
1346
1342
1346
1445
932
406
1342
1340
1340
1340
1342
1338
1340
382
402
1428
573
59
63
70
74
54
53
1150
1255
931
927
1090
1255
1090
1090
72
76
63
64
62
72
1380
291
1430
1299
1311
465
770
759
772
775
761
765
769
443
449
758
1302
1043
1045
1430
1437
1437
1435
1437
1282
1319
1301
1427
1321
1245
808
1352
1352
809
1362
808
887
504
1164
699
1144
1138
696
1092
447
1043
1430
9
1088
1108
1126
1127
977
1107
1128
1126
1107
967
983
968
976
977
966
1127
799
799
788
1206
787
689
690
412
408
413
394
421
807
806
1363
1350
1363
1363
1269
1323
1323
1039
1287
1268
1295
1291
1299
1293
1267
1311
1293
1267
1274
1436
1436
1297
1291
1295
1300
1267
1296
1436
1208
1209
1208
430
430
506
506
1208
1123
1123
1122
1123
1123
1123
1122
853
246
264
341
367
1074
336
334
337
1352
1357
1354
565
1427
1299
1427
1433
1229
1229
1198
1231
1226
1199
1309
1398
3
3
1328
1201
1113
1114
290
279
282
646
1461
246
231
224
1295
1291
1271
215
237
897
911
631
620
621
892
1317
1072
1083
1080
1438
1437
1426
1042
1047
1065
1235
1237
1315
1424
1431
1092
1092
1092
465
464
465
469
1420
245
230
1350
793
267
189
1204
1188
1188
1189
683
683
911
901
902
259
173
159
200
198
229
169
155
225
1433
354
345
343
821
1041
1438
225
174
1437
828
825
1428
645
645
1350
594
593
603
601
605
582
584
579
580
592
598
582
600
580
1226
1385
1385
1375
1466
1466
1466
742
750
669
279
653
652
648
287
288
657
645
653
449
444
1094
450
343
259
242
238
229
343
356
403
401
426
422
419
621
1179
916
1353
1355
1353
1353
1357
1358
713
735
735
737
1214
1209
1209
328
1359
327
1360
1209
993
1209
939
940
1210
1414
1414
1414
1233
1127
1127
1127
1316
1028
1020
1007
1325
1133
1216
1328
1132
1009
1015
1019
1002
503
1325
1328
1332
1239
1240
1240
1239
632
1257
625
616
1257
615
1404
1404
1415
1259
1438
1370
1372
1247
1467
698
695
1140
1138
1142
1409
1166
1140
1147
1138
1144
1102
1144
1142
1418
1140
695
1467
1162
1144
1039
1045
813
826
1208
1412
1405
1405
181
187
212
830
825
1182
1196
639
1197
1176
1180
1168
684
1439
1443
684
1465
1463
482
483
487
486
483
317
1361
1360
1410
851
834
844
1407
1406
298
299
330
317
326
1361
1203
1203
1306
1309
508
1040
1044
1048
203
202
260
251
1431
518
944
1454
1451
1453
954
1452
1332
517
1330
1332
1332
948
719
1331
1336
1336
1336
1335
1336
943
522
510
511
1449
611
614
611
446
1352
1146
1135
1148
1138
701
263
1148
1062
1096
1093
920
846
1210
312
1127
1127
156
1138
1156
1135
1210
1024
320
1359
995
1211
1135
1103
1049
1071
1050
1142
1467
699
1417
1420
1420
1419
1422
1416
1420
1421
1104
1106
1094
1049
1057
1164
1102
1263
1195
1179
1040
1269
420
389
398
402
385
389
404
412
387
419
404
403
46
894
869
545
544
561
559
549
559
557
88
121
128
115
87
114
102
90
546
131
129
152
1358
1332
10
10
942
722
726
722
631
625
632
631
619
634
1344
345
1218
1219
1222
1224
1218
1218
1222
1221
1218
1218
1217
1247
1219
1224
1247
1250
1253
1209
1217
1223
1217
1217
1222
1223
1218
1218
1199
1230
1228
1226
746
1384
105
146
141
135
122
115
139
1184
811
409
407
425
1201
911
896
918
901
270
1262
865
1134
181
1134
1135
1139
1135
1168
1106
1100
444
1144
453
445
453
1225
1225
1229
1230
1227
1227
1229
179
1435
690
1108
686
1362
1350
462
459
1241
1221
1140
1205
1104
644
1126
235
1325
1104
280
1110
659
660
1424
1461
1182
1477
1342
395
1233
388
1214
1223
726
1109
1225
1225
1150
348
651
644
405
397
392
1408
1410
1411
1406
1407
1360
1362
295
301
1200
1199
1461
1165
1101
731
1405
315
309
1368
854
854
836
1410
1408
1407
236
154
266
1411
1405
1406
173
253
200
194
1411
1413
1406
180
179
748
89
110
106
1184
1170
1176
1195
1125
1182
1125
1125
1176
1321
1239
869
1178
1180
931
1328
1132
1130
1130
1132
1130
1132
1130
1130
1132
1130
1133
1132
1413
477
315
1200
765
768
1380
136
99
125
99
148
135
130
148
122
1397
743
1379
1394
1376
1380
1399
144
97
121
1
2
6
4
144
125
109
123
140
82
128
140
1388
449
1160
1094
1094
445
443
1059
1092
1162
44
33
865
912
915
906
919
866
1158
311
1158
1211
1215
729
1164
1149
1054
1166
840
936
1092
614
1093
1111
1215
1211
1216
1112
1467
1215
1135
1166
1295
1320
1215
1215
1166
348
1447
580
604
582
602
605
600
738
605
583
605
603
605
577
603
1178
1168
1197
1195
1195
458
999
1025
1215
1352
1133
59
75
54
71
42
23
896
460
710
1468
1176
1239
1178
1195
498
1466
1466
1467
1237
1466
232
244
243
196
207
194
1457
1451
859
1475
856
1471
1475
1473
1475
1477
854
1473
1474
860
1278
1278
1435
1435
1278
1299
1319
780
775
768
767
1231
1231
149
1045
1426
1434
1430
1276
1275
1299
1293
1287
1038
847
854
216
1407
1409
1410
836
165
182
1457
1457
163
1457
744
2
81
86
486
1462
1465
487
812
1201
1201
803
1201
804
1201
1201
1115
472
467
1443
1439
1443
1443
1439
1443
1439
1207
1329
969
863
862
862
1330
1150
1330
864
1090
1150
1195
1119
1235
1237
1240
1021
1019
1329
976
971
973
968
976
1108
1106
1329
798
1232
1128
1127
867
873
913
47
916
872
917
879
884
915
1147
1187
1190
1186
1186
1185
1188
1188
504
505
1408
1411
302
1411
320
293
998
1199
1197
1199
995
986
997
992
926
783
926
924
1256
1257
671
674
1255
1255
1255
784
1256
672
1182
1173
1176
1180
1477
1198
490
1472
1473
1473
1473
1472
858
1471
1470
858
1471
1471
1475
1475
482
1463
497
478
489
485
485
485
491
485
490
493
1418
1170
1122
1378
113
1145
376
355
702
1358
920
22
26
35
18
900
897
915
913
880
906
910
905
916
883
41
45
30
26
42
1263
1229
1200
575
751
963
959
964
964
955
1124
753
715
667
1121
637
1374
668
1325
1325
35
1182
1180
651
714
1110
1110
662
693
693
1151
748
999
626
1010
1116
1010
1008
1014
1001
1004
439
1201
597
1115
1110
506
1447
1217
1219
1223
1217
1217
1351
429
1247
1249
1374
743
741
747
747
740
668
663
1449
1241
1225
1396
1391
1381
1393
1380
707
555
433
1447
124
439
461
500
1237
925
923
927
1134
672
440
270
638
636
709
1245
1474
1471
857
861
1477
1473
1477
918
904
906
1122
1180
1115
1184
1182
651
1180
334
1178
1239
630
622
1184
56
1239
1463
1461
1463
1465
675
664
657
662
666
664
660
496
1180
1449
1449
60
1323
319
322
850
322
319
297
304
327
299
302
222
997
198
991
992
990
996
214
1265
1265
1265
1263
1149
1448
1265
1266
1422
1153
1152
1154
1152
1153
376
359
359
365
353
367
373
378
401
378
396
379
1338
1338
1336
1338
789
787
1206
1206
1206
13
960
1124
753
958
841
1036
1466
449
1259
1259
262
1252
1253
1249
1246
449
451
1164
510
533
541
539
535
521
535
541
524
953
537
535
537
526
723
718
723
720
721
721
1352
1124
1124
1114
529
945
510
951
1452
1455
1453
1455
1332
1334
1455
943
539
718
718
948
949
943
517
535
527
535
535
1455
1454
1453
1455
510
533
717
949
953
732
732
733
535
1115
1210
1439
1446
1447
1447
575
1439
1447
681
1036
1227
392
734
1417
790
889
1256
755
796
304
253
941
50
59
1456
1156
1111
1411
548
1242
606
598
749
1423
736
1225
1052
253
1457
101
1269
1417
1417
1226
569
591
384
1090
40
935
1052
702
734
1197
101
41
1290
990
587
679
1267
1457
1467
749
463
106
1352
91
1444
1269
1417
1417
574
101
1329
1449
450
1417
970
546
738
448
1457
1177
1017
792
1469
1257
1469
1207
1103
1109
470
512
1371
1242
428
428
1369
1465
1425
728
1343
306
310
1359
1370
184
366
1409
1410
180
1457
261
162
183
170
591
585
587
1245
1243
1245
1245
1325
1186
1189
1187
1186
1188
1187
1188
1190
1187
1187
1467
1233
394
416
417
378
1234
891
1172
814
814
814
933
937
1176
1179
1172
1404
1404
1328
1329
1227
292
1233
779
745
1379
1388
1400
1383
1392
111
132
88
78
103
83
113
140
1468
126
151
127
419
1340
1342
390
1347
1342
1340
474
474
1000
1339
776
758
760
779
773
9
1043
1418
52
53
338
1422
1416
1419
1202
1248
678
1413
1414
445
935
934
358
375
1312
1142
698
1468
920
839
1407
1407
1432
14
1096
1100
1229
1083
154
198
177
213
190
173
338
1128
331
1437
1429
1202
10
982
338
1197
1438
330
573
612
1329
1329
1329
372
1081
830
365
356
364
371
360
358
1297
1319
1321
1152
1152
1104
1190
1185
1185
1187
1344
1344
423
932
1415
1198
21
897
874
902
40
16
36
27
1032
434
436
436
147
79
1413
1056
1055
1053
1067
731
1053
729
1088
473
1045
1045
1040
1317
1205
1206
1243
344
1062
1063
1063
1058
1075
730
1047
1068
1070
1094
434
369
818
1204
174
1267
1268
571
1321
922
357
1410
1409
1407
1409
262
189
188
823
341
1267
1132
1356
1353
1356
1353
1354
1355
1353
1352
1354
1357
1357
1355
1200
1230
743
709
1447
638
641
643
748
1397
152
111
7
126
565
567
564
570
563
1430
1433
1438
1428
1428
1425
1437
1425
1434
1432
1436
1438
1434
1436
1235
1293
1426
1315
1433
120
228
192
242
77
1433
1435
1287
1198
1344
425
411
1344
1340
1346
1342
1342
1348
1350
1362
934
1345
1340
1338
1344
1338
424
418
567
570
1253
1253
68
56
923
925
1090
1255
1255
1255
1255
1255
1090
931
1322
1400
682
64
1424
1425
56
72
62
68
65
68
998
1
706
709
462
711
703
461
707
1074
111
351
349
272
649
650
1321
1428
769
768
779
771
773
776
774
762
757
778
772
443
764
1295
1298
1429
1432
1433
1432
1436
1438
1434
1350
1350
1351
810
1363
1363
42
1262
1233
1156
1140
1148
1092
1104
443
1276
1315
1319
1317
1324
979
690
796
1447
1445
978
1106
1107
977
976
967
1110
982
687
1110
1108
1107
802
1110
1108
1108
388
410
398
410
1466
1436
1237
1351
810
1200
1275
663
1323
1241
1323
1325
1325
1231
1277
1287
1285
1273
1315
1287
1287
1269
1298
1292
1290
1271
1306
1287
1293
1279
1203
1292
1317
1272
1320
1303
1285
1269
427
429
1447
1208
1208
1249
427
507
1208
1208
1122
1123
1360
250
371
367
1229
336
1357
1354
1425
1433
567
1426
1428
1291
1427
1432
1274
1425
1427
1230
1313
1431
1375
1385
8
3
1200
386
1446
443
1115
1032
1115
275
292
279
278
273
277
276
276
280
283
653
652
650
278
283
292
255
829
363
127
44
44
912
629
616
347
897
1055
1084
1069
919
1102
1066
1428
922
1071
1051
1086
356
922
1207
1429
1092
1160
463
738
207
815
826
195
816
1323
1182
1241
1242
1461
213
617
1190
1196
1195
1196
33
38
873
1262
346
1319
246
174
180
987
246
215
200
213
204
342
344
189
201
242
827
817
1310
1292
1313
220
190
195
163
223
193
374
815
356
829
652
1350
586
605
595
597
603
605
594
584
576
592
602
583
593
593
578
599
1466
1095
1413
744
744
745
1089
649
274
272
281
277
284
447
1220
162
1358
1431
1428
268
176
816
1319
1433
401
401
409
392
1355
1353
1353
1358
1357
1355
1356
735
1325
995
1210
1359
1359
1359
1361
1360
314
1209
989
991
1029
940
1232
1231
1231
1233
1127
1028
1013
1018
1018
1129
1131
1133
1029
1027
1017
1018
1008
999
1133
1011
1328
1328
1026
1132
1029
693
1015
1332
632
623
615
1404
1404
1372
1102
1144
1140
1142
1094
834
1096
1166
1094
1158
1168
1045
1276
1317
612
852
230
1407
1412
1412
1412
834
1196
1171
1168
15
14
1203
682
1443
1444
499
1462
1464
487
487
489
838
841
844
1409
1408
851
837
1360
509
774
763
373
1078
1077
1135
1100
454
197
176
1268
1284
1452
1454
528
529
526
1452
1454
1351
1454
532
1332
1330
719
1331
1333
1333
1332
1333
1335
1330
1332
520
950
532
526
536
1449
1450
1449
610
454
611
614
610
1135
448
807
807
1138
1138
1144
1140
1142
212
700
1069
1135
1412
1405
845
841
851
310
1103
1467
1134
1414
1414
1024
303
183
941
940
1051
1072
1416
1418
1421
1418
1164
1092
1104
454
1054
447
1047
1051
1079
1066
504
1025
1238
1427
1317
415
407
393
385
382
416
398
416
28
31
892
543
547
549
553
100
94
79
118
7
104
79
137
548
548
545
554
561
547
543
560
1358
1333
1334
726
632
618
625
620
1339
1348
1339
1348
1345
1348
1348
1348
357
1253
1223
1223
1220
1222
1224
1220
1222
1222
1220
1222
1220
1220
1217
427
1252
1224
1222
1223
1253
1209
1209
1197
1230
1226
1230
747
142
119
1172
1170
392
419
421
425
383
421
425
422
422
909
910
887
877
890
1138
1140
199
159
165
217
1140
1142
1138
1144
1142
377
1280
1299
468
1096
1227
1228
1229
1233
811
1033
1033
979
459
460
712
1376
1122
699
1090
1323
1138
1168
1465
664
368
342
340
485
481
1338
1350
1346
1347
1338
1067
1094
696
1259
1253
1225
289
350
291
289
276
651
648
1160
415
405
848
852
1408
1368
1412
854
297
304
302
710
1200
1156
1408
294
331
831
854
845
1366
1368
205
195
1202
262
212
166
164
254
178
1361
1360
1407
854
231
852
170
249
157
83
1125
1125
1178
1179
1245
1243
1243
340
339
873
1243
1132
1133
1131
1132
1132
1413
473
1200
763
1394
1386
93
147
87
97
150
81
112
115
129
988
740
117
1374
1394
1389
1378
1401
1380
142
100
141
116
132
120
2
148
92
108
131
144
151
153
84
1398
153
1446
1092
1162
1105
443
1094
1096
612
1094
1100
1166
33
26
21
42
36
25
864
916
878
875
867
896
912
1263
881
867
872
879
1355
1075
731
1068
1215
1045
1045
187
1156
1073
1158
1164
1096
836
301
226
207
986
1096
1214
162
225
1146
1164
1214
1211
1216
1214
1112
1112
1112
1145
335
1158
853
1216
1055
1321
1062
1216
1112
1406
234
1421
349
351
351
349
351
347
1447
596
598
739
604
578
583
604
603
603
1235
1168
1170
1193
1176
1172
1177
1028
1325
1027
1203
1425
1424
69
62
64
64
67
63
49
21
708
1196
1182
1170
1239
563
569
489
858
1237
1235
1237
168
1202
266
261
230
242
214
218
257
252
1449
1449
1449
1480
1449
1449
1471
1471
1475
1475
1473
1473
855
856
138
6
1042
1435
1435
1270
1299
122
263
257
1229
1227
1200
1197
1037
1433
1432
1426
1426
1429
1299
1321
1311
1297
1304
1317
1309
311
1409
850
1409
846
161
1459
1459
196
749
816
1228
497
804
1201
803
1202
1202
467
1439
1444
676
680
433
1206
971
980
970
863
973
1090
1172
1177
787
1466
1236
1236
1445
1121
292
1249
1323
1017
1207
797
966
1206
797
792
980
1231
1128
899
49
36
916
918
865
889
1261
386
1134
1145
532
1226
1190
1190
1193
1186
1185
1189
1190
1186
1189
1186
506
505
216
322
988
988
998
1199
1199
786
426
672
672
670
1255
673
928
930
1134
1255
785
785
783
783
783
785
1170
1184
1177
1183
1169
1198
486
484
1471
1471
1473
497
1463
1465
502
502
499
497
500
480
479
494
491
487
500
1324
1421
1420
1422
1420
1170
1245
130
266
834
1279
617
1177
22
50
29
918
902
880
914
893
32
37
1263
1328
1031
957
1257
961
963
961
957
958
957
1124
1123
1124
965
955
716
716
1241
1111
630
622
1126
1126
1323
1116
1424
273
280
1243
605
1110
1110
692
1249
1011
461
1323
1006
626
1184
1170
1195
1014
1006
1012
1387
603
1469
605
601
588
1447
954
441
1124
752
1247
1124
1124
1223
1219
1221
1219
1217
1224
1351
507
1208
430
431
431
431
1249
1247
1451
1150
1151
1413
748
746
483
501
661
1450
1241
1241
1394
1397
1374
1376
1396
707
709
1006
494
1208
124
90
1
1111
605
640
636
1205
1205
1090
857
859
857
855
859
1475
4
35
896
902
918
916
1261
1261
1172
1122
635
1462
1480
1238
899
624
1032
1181
806
76
603
1245
1463
673
553
673
782
658
663
658
661
658
663
662
661
691
485
1121
1178
1122
1122
1178
1120
1450
1203
1203
322
321
298
300
321
318
312
329
306
309
325
188
227
196
177
997
993
208
192
988
721
1153
1152
1154
377
357
360
355
394
1338
1461
1338
1338
791
1207
967
790
793
1207
1106
1206
864
15
786
751
958
956
956
840
166
1142
441
854
441
755
1258
1258
1216
1368
1252
1249
1247
1096
1094
1437
535
538
528
519
534
537
942
537
518
535
525
725
723
725
1363
809
809
1362
956
520
533
527
951
533
510
535
1334
1334
1336
1331
1334
1453
1454
1455
1455
1453
1455
1451
1453
1334
1334
537
519
540
943
541
512
954
534
525
526
941
539
511
537
537
536
1453
531
947
510
1455
527
1444
575
1021
1199
1404
1442
579
1239
1179
1257
1464
1181
1209
295
340
1125
335
1356
1019
1341
466
1423
992
1413
293
50
1294
93
1423
1171
48
63
1171
1294
1267
1404
136
80
1157
47
1312
45
501
1356
1328
243
108
1156
1460
607
928
303
996
85
1179
1424
790
302
574
1435
265
415
240
1411
1307
990
257
1090
1314
1420
1329
113
466
1294
335
975
251
1107
1196
496
574
1356
1469
1177
1356
1433
395
1239
1196
1253
1371
1209
1196
1150
1047
1348
1415
296
1199
567
1406
1407
1409
156
163
215
169
160
202
263
169
186
585
1363
1351
1351
1187
1190
1185
1188
1188
1185
1190
1185
1185
1185
1188
1220
1224
1220
429
431
408
1233
383
52
915
1182
1180
1170
1172
767
770
763
816
812
818
824
812
818
813
1167
933
935
933
934
933
1467
939
936
937
13
1168
1404
1182
1184
1325
754
1372
1382
1398
1392
99
149
113
712
112
90
92
142
478
1342
1000
1002
1215
765
762
331
240
157
197
225
184
1236
1204
760
1417
1416
1096
1197
1156
1416
1102
1202
1102
1037
1102
451
680
363
678
702
1083
1100
1359
1361
317
1261
12
1228
1228
729
1091
1128
258
231
260
169
166
165
224
182
183
193
176
1095
993
991
8
1149
686
562
337
333
1414
1198
1436
1438
307
1127
974
974
1443
368
829
828
354
375
827
826
1291
1297
508
508
1291
1317
922
864
1319
1147
1188
1188
1186
1189
1186
397
384
1344
1347
393
1343
1460
1445
1198
910
907
892
30
895
893
898
47
48
44
37
37
24
23
25
1203
440
1096
1094
1102
435
139
1065
1063
1055
447
1084
1164
729
1081
471
473
1415
1313
1317
1321
1293
1429
1205
1445
1205
340
1067
1055
1162
1071
1166
1053
1069
1082
1071
1057
1105
767
453
445
1324
569
1430
190
193
176
1204
1318
1320
1299
1319
1297
1293
922
1405
835
1412
845
1405
235
252
211
158
185
224
245
823
1356
1353
1357
1354
1354
1354
1356
1451
1357
1356
1353
1357
1356
1352
710
704
641
643
135
1384
143
98
114
124
1468
1379
566
563
570
568
1045
1434
1436
1270
1436
1297
1437
1434
1429
1430
1041
1427
1295
1430
1303
1434
98
130
1433
1045
1431
1429
1285
1147
606
1445
424
407
1338
422
1344
1346
1346
1348
1346
1346
1340
1346
937
1030
406
1342
1340
420
1340
1253
878
884
65
1456
65
55
76
74
68
1457
1457
1090
1255
931
925
927
1322
1257
1321
1321
1383
708
61
67
77
72
60
546
1
1389
704
706
1112
350
350
287
650
573
1282
1045
1434
467
761
757
777
770
453
447
472
776
773
1277
1297
1427
1259
808
1351
39
868
886
39
424
727
1168
1160
1156
1102
1101
1272
1088
983
1127
788
1447
687
1446
1445
685
1414
970
1107
972
983
966
973
966
977
969
980
1128
981
1108
793
1108
1108
801
1091
1126
396
397
572
1363
1351
1363
806
1241
1301
1297
1297
1290
1318
1305
1280
1297
1311
1290
1281
1320
1277
1317
1429
1044
1425
1287
1294
1429
1222
1208
1208
432
1249
1247
429
1224
1123
1122
1123
1123
309
298
303
844
293
237
339
341
365
369
342
371
1415
1161
332
1357
1354
1413
1043
1434
571
1298
1437
1227
1226
1429
1285
386
1446
1451
1451
273
281
644
275
281
277
288
289
284
274
290
275
284
646
650
1279
1359
355
1293
86
624
615
905
616
1164
1344
1053
1086
1437
1432
1427
1064
1237
1466
922
1430
1170
1182
1126
1135
462
256
1182
1350
505
1189
1189
1186
1188
680
681
21
876
898
29
918
360
366
364
370
1297
1286
177
256
215
188
193
161
190
177
255
1432
372
201
344
345
821
1291
1303
1319
1269
1293
1426
1045
238
168
1438
819
828
655
577
601
595
596
586
603
605
576
594
594
581
1230
1228
1395
742
739
744
751
668
667
276
280
272
274
283
284
657
443
240
249
1422
1140
1312
223
249
251
203
233
241
258
343
1096
1314
1177
617
917
1118
1353
1353
1355
1354
1354
734
735
920
920
1261
1215
1328
1325
1210
1210
1234
1359
307
989
987
987
1210
1210
1035
1414
1233
1231
1233
1231
1231
1127
1325
1133
1328
694
1015
1013
1016
1020
1003
1005
1007
1132
1130
1130
1133
1007
1325
1216
584
1335
441
478
1117
634
635
617
1119
1116
1415
1261
1261
1370
1372
1247
1253
1465
1465
1162
696
1144
1092
1142
227
1164
1094
1142
1140
1418
697
701
1164
697
1416
464
1467
1092
1045
1293
824
820
1412
1405
854
848
825
1089
287
1257
1180
644
1177
1177
12
1443
1443
679
489
487
488
301
1412
1409
1412
847
835
839
837
1409
844
1360
315
318
1362
305
320
308
1359
1360
1203
1205
1271
508
508
1311
1050
1148
1168
853
1360
987
1273
1306
1301
950
952
516
952
516
1454
950
951
542
1336
1330
1332
512
952
530
530
524
1450
1449
613
448
639
1362
1362
1134
1134
1135
1076
1079
1054
234
267
1147
1140
1106
1097
1058
305
1468
1145
1156
1144
1361
1128
187
1210
941
1467
1076
1076
1142
470
1422
1419
1420
1420
1420
1422
1160
1056
1085
1048
1056
1100
1106
1055
1160
1161
1096
1196
1237
1041
1431
1277
1319
1317
405
381
423
385
385
391
412
418
411
1233
28
34
32
29
885
143
547
556
747
543
557
561
555
545
559
555
145
141
101
103
107
556
560
556
545
705
554
129
153
102
145
1186
1358
1206
1332
724
717
629
625
616
619
1344
1348
1345
1341
620
372
370
1223
1217
1219
1222
1219
1221
1224
1220
1218
1224
1224
1218
1249
1247
1249
1249
1218
1224
1224
1222
1222
1218
654
1417
1417
1230
1226
1226
1228
1228
1376
1204
1203
1178
761
758
764
1203
420
900
910
903
881
890
1134
1146
697
695
218
164
217
1112
1142
1138
1148
1148
1142
1300
469
1053
1102
1103
1091
452
1102
827
1160
1227
1228
1235
232
1034
1033
979
691
685
687
979
981
971
689
689
460
462
740
1221
838
925
1111
12
271
712
167
1247
618
620
805
1206
821
481
1243
1349
1349
1349
418
1216
1079
1168
1058
1087
1259
1334
1108
1225
352
291
645
647
654
417
403
319
1411
1360
1405
1405
327
854
328
1361
712
1198
448
838
1408
1363
1408
191
204
211
1361
1361
1411
850
154
211
207
159
746
750
85
87
108
1197
924
1149
1125
1125
1177
1169
1117
1201
345
1239
917
1179
1183
675
1328
1131
1132
1130
1132
1132
1130
1133
1133
1130
1134
1413
477
329
1198
1197
1198
775
1378
1401
1386
93
111
150
1378
1374
1387
743
1392
1392
1377
1399
1378
1401
1400
1374
1382
1399
1380
1374
103
152
123
102
142
85
92
89
79
4
118
105
127
120
106
146
150
144
146
119
84
995
921
921
1162
1162
1166
1162
457
443
445
1094
1104
1100
1096
1082
1162
27
31
25
39
41
46
909
879
43
891
879
868
886
874
917
1261
885
877
883
1354
1156
1056
939
1214
1215
179
202
1057
937
936
1100
1215
1216
1112
1216
1215
1211
1214
1216
1211
1154
1214
1160
1102
608
1103
1158
1211
1211
823
1427
1158
51
1291
1299
1057
1066
1064
1214
1214
1112
1214
1211
1160
1077
1163
168
1408
350
588
579
583
585
603
591
579
600
576
597
577
578
738
1233
1176
1196
1176
1197
1176
1003
1027
1009
755
55
1425
75
73
75
54
1424
51
875
31
907
1184
1196
1196
1178
1178
1239
1239
1239
1177
1196
1466
1235
1237
1237
1236
261
259
196
204
1450
1449
1450
1471
1448
1473
1475
1473
859
860
1471
860
1445
1042
1425
1284
1297
244
1226
1200
1227
1039
1038
1434
1426
1434
1426
1281
1304
11
849
1406
208
198
1409
830
1412
836
305
303
1459
192
222
158
1459
1459
1459
7
1229
492
1461
1465
1463
481
479
802
1201
803
1201
1201
1201
804
1328
471
1443
1439
1445
573
682
685
433
1439
1443
1443
676
1330
862
972
1329
1329
1329
862
1206
1375
1179
1120
1121
1119
1196
1031
1235
922
279
1249
1445
1021
863
975
1107
800
1330
688
1329
1206
801
792
1109
800
1413
1128
1128
1127
1128
866
898
904
866
1263
1261
882
914
139
1226
1185
1189
1187
1189
1189
1189
1189
1187
504
504
734
504
300
998
929
929
923
924
924
784
673
1111
671
674
1172
1179
1117
1478
1477
780
782
1471
1463
1469
1473
1477
1477
1475
1474
1470
1477
1473
1473
1474
1473
1469
1464
1465
1465
1461
495
484
502
502
502
493
479
492
482
498
480
1420
1420
1418
1418
1416
1416
1418
1170
132
213
269
1359
843
22
30
28
885
877
890
884
39
24
34
38
1263
1263
671
1197
1198
439
1257
962
1259
753
961
959
752
1257
1259
1257
959
959
1124
962
964
963
715
716
805
1111
927
1034
1035
633
642
282
1425
1424
273
1180
1245
655
1245
659
1110
693
692
1253
122
1009
1002
1016
1477
482
491
480
492
1480
802
1118
711
580
603
603
965
506
1259
1124
1221
1221
1223
428
431
431
1151
745
740
669
670
6
6
117
94
435
1241
1241
1396
1390
1387
1381
1377
706
436
1448
1178
1016
715
461
501
484
484
710
1125
1424
784
1445
66
640
638
707
1090
1445
636
1474
1447
1448
855
861
1475
1475
661
16
24
1261
1122
1122
1115
1168
615
1118
1179
1182
1477
657
622
630
624
633
1424
1184
1183
433
1463
671
675
1239
664
666
660
691
1424
491
1477
641
1450
66
74
319
325
854
329
296
294
316
323
312
330
294
308
328
299
296
314
312
306
323
992
228
218
227
1265
1265
1265
1265
1449
1265
1265
1203
1153
1154
1152
1152
376
367
363
380
398
391
394
789
1108
1206
1207
1330
788
1089
14
752
1124
1123
332
179
338
700
441
1370
755
1259
1257
1259
1259
1231
224
854
1248
608
442
614
606
1092
1431
81
537
528
528
945
535
535
519
523
535
537
519
537
534
945
521
720
725
1352
1351
1350
1363
723
522
517
525
534
531
1330
1336
1453
1455
1455
1455
1455
950
1334
1334
1455
1451
518
537
510
521
1112
948
538
540
1453
527
945
1112
1113
719
719
727
721
717
733
733
539
537
537
574
1446
1446
1429
1229
878
546
1109
1442
1179
1415
390
1214
1433
790
609
499
1424
91
1103
41
1469
1225
1415
659
1209
426
1234
5
736
241
1078
1072
1074
433
232
446
269
1341
1379
264
335
1459
1444
1431
840
1318
1424
1417
804
1417
994
623
1418
1269
264
1072
1105
1431
91
502
932
560
415
1413
1435
235
1469
1360
1231
1417
930
1476
470
883
1476
1476
1106
43
1408
1418
1126
558
1001
796
558
1330
501
1139
495
468
1207
89
1252
1134
511
1248
430
1231
1246
1158
1340
1414
1414
316
314
1359
1200
564
1372
1370
182
254
186
206
220
158
817
593
581
591
1243
1245
1244
1245
1243
1363
1351
1351
1351
1352
1187
1190
1189
1187
1190
1185
1187
1185
1188
1469
1185
1467
1110
404
379
391
410
380
381
1234
1259
1104
77
605
601
605
1173
905
1184
1176
813
820
822
1157
936
938
938
1158
1106
939
1225
293
754
741
143
108
3
92
82
1381
474
477
775
762
756
218
1235
1202
1204
769
11
1420
52
52
1100
1418
1420
1422
920
1092
762
678
1048
1094
1443
1299
1134
187
685
1146
699
1104
831
831
835
849
1406
1407
1412
1410
1405
1261
250
1229
1359
1468
1046
1128
1127
237
217
160
194
334
1104
1162
1359
1202
1204
999
1100
564
1199
1108
1432
1427
570
374
793
1087
1081
368
370
819
830
358
375
1280
1287
1321
1426
1106
1302
1188
1185
1186
1191
1191
1344
1031
1187
1190
895
18
47
1115
1115
434
1104
1257
100
98
1063
1168
1087
1160
1080
1100
702
1415
1425
572
1436
1317
1205
1205
1243
1244
1205
1243
1053
1162
1261
1261
1100
1093
450
1077
1059
1081
1163
1104
1106
457
773
444
156
156
154
257
221
1204
256
1296
1312
1297
1293
1302
1273
1295
842
849
1367
1368
1411
1407
847
1411
1406
1406
1412
185
239
191
823
341
1353
1355
1357
1355
1353
1357
1357
1358
1356
1356
1358
1357
1228
1228
1205
711
1390
1391
99
103
126
138
5
566
562
566
563
565
1432
1297
1299
1436
1432
1434
1428
1428
1438
1319
1428
1428
1267
1287
1436
1430
1317
1293
1299
1432
1433
1436
138
1135
228
1306
1267
609
1200
1198
1346
504
1342
1346
1346
1346
1348
1344
1340
1342
388
406
1457
69
62
53
70
60
1255
1255
928
1323
1090
1090
1322
1321
1424
74
61
66
66
1395
8
704
459
331
1112
352
652
1297
1295
1428
1299
1282
469
777
765
759
759
780
771
772
769
780
444
774
771
1293
1433
1437
1321
1297
1363
1351
1363
809
1363
888
889
1262
504
1162
1145
421
445
1432
1430
1207
1106
1108
1129
1128
1126
1126
799
690
686
969
982
982
968
972
972
981
798
797
799
1206
1108
1109
1106
1110
974
971
687
1090
393
418
414
779
776
774
1235
1350
1350
1352
1351
808
1362
807
1415
1269
1323
1325
1310
1283
1299
1315
1291
1295
1300
1296
1313
1287
1311
1280
1295
1310
1267
1293
1302
1307
1319
1275
1267
1447
1036
1426
1283
1287
1267
1267
1267
1125
1208
1208
1220
1222
432
1246
1220
1123
1123
1408
1360
1200
1231
1415
1064
1159
1068
332
336
333
1357
1216
1355
1355
1352
1045
1272
1305
1317
1227
1197
1200
1431
1435
1321
1435
1386
386
1446
1032
1115
1113
277
656
647
275
282
278
232
360
1202
100
339
869
911
1261
631
618
626
918
916
634
565
1049
1164
1086
1106
1045
1428
1435
1295
921
1069
1237
1237
1165
1096
1166
1092
469
471
468
230
815
235
1182
182
222
677
682
679
680
684
1195
1196
900
29
36
38
1298
204
227
168
167
208
174
214
158
217
342
1435
1430
354
376
155
346
817
829
821
1269
1315
1317
1311
1437
263
363
819
374
728
648
656
646
648
1362
592
600
605
596
586
578
597
603
605
605
603
599
598
1230
1391
8
739
283
287
282
278
656
654
655
654
442
457
455
449
1422
1418
1420
1146
1160
208
258
267
221
222
366
467
393
420
872
885
876
621
1355
1354
1358
1355
51
1259
609
1210
310
1359
328
325
1210
991
997
270
1030
1035
1210
940
1209
1231
1128
1034
1000
1016
1009
1131
1026
1214
1005
1011
1000
1013
1007
1017
1134
1133
694
1020
1018
1028
1323
1332
441
441
621
1404
1404
1404
1415
1415
1415
1372
1249
1247
1466
1138
1075
1142
1140
1144
697
1138
1162
1409
845
220
1106
1102
1105
1166
1138
1144
1102
1142
1249
1247
695
1160
1162
1166
649
1045
1311
814
812
822
197
1405
244
199
185
825
1445
1195
1197
1177
1184
1170
1178
15
777
1444
1439
1443
1439
493
1463
1463
1465
491
491
494
1410
843
842
1407
1410
843
848
1361
316
1363
1406
1408
1406
1406
854
1360
384
509
508
9
509
1042
170
1360
240
219
1269
1315
1456
1456
517
515
192
726
524
1334
1335
1336
1336
1336
1336
530
952
529
531
1450
611
613
613
610
610
608
442
639
1467
1467
1466
1139
1135
1065
730
1140
1048
920
919
1410
1166
1160
456
1210
1467
1468
1134
1211
1024
1359
1361
1361
226
255
456
1070
1052
1422
1416
1416
1418
1422
1164
1417
1093
1076
452
1156
1100
1050
1049
1057
731
1156
1158
1162
1238
1238
1038
1044
1040
1314
382
408
389
389
416
387
402
387
414
411
28
31
895
558
553
549
544
557
553
547
550
559
542
562
544
89
83
80
560
705
116
561
1230
1332
1334
1334
1336
724
1348
1345
1346
1342
1348
1348
346
364
339
817
1224
1220
1219
1219
1223
1218
1219
1217
1219
1221
1222
1220
1224
1247
1209
1221
1221
1223
1221
1222
1219
1220
1218
1225
1416
1292
1226
1199
1225
151
139
1168
1122
777
423
1461
694
892
898
869
895
1263
1263
876
1135
1144
250
252
229
228
1358
1140
1134
1147
1144
1143
1269
1269
1158
1138
1148
1228
1227
1230
1227
1229
268
1233
1235
1233
1430
1033
1034
1106
689
1370
1368
1362
1362
736
458
458
460
457
458
713
603
1151
201
1241
1261
1211
640
781
256
918
1184
1184
1128
1180
1012
1126
76
660
1291
1346
1348
1343
1344
1347
1350
1160
700
732
503
353
649
647
352
455
397
390
395
1411
1408
1368
318
1410
1360
295
708
1406
840
837
853
327
1460
1409
1366
837
191
254
197
173
202
161
237
157
1409
846
1413
262
1411
741
83
1125
1125
1125
1125
1125
1125
1176
1176
926
1322
1202
1243
377
1118
1172
1195
1177
1176
1130
1130
1130
1010
1133
1133
1133
1133
1132
1129
571
569
308
1414
771
767
1399
1404
127
80
104
109
119
140
147
1378
1199
750
1396
1380
1401
1372
1376
136
5
116
104
126
128
104
88
145
107
110
107
109
150
78
114
125
141
1384
1166
1158
1104
1095
455
447
1104
1100
451
1073
23
45
30
48
38
903
874
880
888
874
889
882
887
1059
236
1046
1215
1211
730
181
249
1057
1156
1164
852
1214
1215
1105
201
1102
1112
1216
1216
1215
1214
1112
1073
1149
1104
1425
1092
1211
1214
1217
1166
1166
1307
1296
1426
1158
1431
1211
1112
1158
349
353
348
347
1447
596
602
588
739
603
586
588
1235
1235
1235
1233
639
1177
1178
1172
1184
1008
1014
1216
1130
1004
1004
1027
1328
1204
1425
1424
73
56
69
75
65
67
70
69
71
60
53
868
907
875
1196
1195
1173
1195
1179
1180
1239
1195
1465
1461
498
1470
811
1235
238
195
229
181
200
266
245
1459
1451
1451
1480
496
861
1475
1469
854
856
1038
1287
1427
1291
1299
757
778
238
1229
1227
1432
1426
1433
1295
1046
1427
1291
1295
1321
1291
1293
9
1278
1284
1295
848
260
234
258
1405
1412
1410
1410
244
161
188
1459
1459
1459
1459
1459
167
1459
107
84
132
86
125
121
488
1463
1463
1463
1465
489
483
483
1202
1201
1445
1439
683
1442
1439
433
1445
1443
679
970
863
1329
1330
1329
1150
1330
1466
1466
1237
1235
571
922
1115
1001
1006
1108
797
800
1206
1207
1329
981
791
1110
1109
798
789
1414
1127
876
884
881
914
899
888
84
957
955
314
782
