7391
1231
750
1269
1274
1265
1267
1265
1278
1269
1269
1411
1
1431
1424
750
754
745
1425
152
1463
1170
1170
1168
1247
1412
1412
406
405
1412
1021
1021
1024
920
947
950
1426
752
615
1380
606
601
656
652
611
603
605
1372
854
854
1379
1378
1384
1391
1386
1375
1392
1385
1389
1388
1380
1384
1368
1387
1214
1215
1214
1215
1211
954
935
686
1140
180
208
353
594
68
1426
1198
493
1197
46
1447
1189
42
40
1189
1187
1188
1196
1200
1195
1187
1190
39
53
30
33
47
42
51
1041
1245
963
416
1340
1340
1340
415
1340
1342
1222
1222
1222
1342
1323
1323
1323
1219
1445
103
103
98
1122
912
1237
729
1304
725
278
278
1241
507
971
276
275
714
276
484
485
83
661
585
1239
1336
1334
1334
1334
1338
94
1337
104
1445
682
615
1399
1408
110
111
86
87
86
1209
1210
1416
1422
1414
1416
1414
1415
1417
9
1208
1172
1172
1015
983
983
1376
106
1263
662
685
881
876
726
1218
1368
1209
1144
1138
1167
1142
1113
1164
1166
1445
592
727
731
1144
79
592
914
913
605
609
652
47
1200
1186
944
934
88
929
924
950
1243
1094
926
1132
894
1239
1237
943
591
592
702
1399
855
855
867
864
405
1299
1299
1374
1390
1380
1384
730
917
697
311
336
327
318
327
315
323
321
314
326
331
383
145
116
1424
203
1422
127
1425
1312
965
719
288
293
290
413
292
289
289
290
1466
292
1465
291
1295
1297
1297
542
549
549
1115
1172
1353
1355
1359
1359
1355
1358
1361
1358
1361
1358
1359
1353
485
485
486
485
1438
1319
1439
1439
886
1443
883
1321
718
716
719
287
1343
1342
283
127
834
1172
1278
280
1244
418
417
180
782
990
987
1104
1054
1067
246
1121
1121
791
1236
1233
1285
1229
1228
1314
1309
1311
480
966
1222
410
1313
1305
1228
1226
1226
1231
1350
1350
1202
1202
1350
1201
1233
409
412
1350
1350
409
1287
1233
1287
1235
1227
1287
1203
1229
1233
1203
1202
1201
1201
1203
1287
1282
1226
1287
1282
1311
389
388
1231
1325
1325
1325
741
852
1328
1330
115
940
928
92
1217
1477
1071
707
853
332
302
736
1166
1182
1247
195
849
525
1413
41
236
1096
236
40
517
888
1247
1088
1247
108
302
382
1380
1117
230
1329
559
1409
639
1116
1324
1153
854
931
262
958
1428
1112
1218
1048
803
1138
1360
1087
132
1430
784
602
1096
246
149
1168
1116
1223
603
1054
609
1239
1125
1316
1319
877
958
1225
45
695
265
788
270
1219
101
887
943
1323
1123
1407
693
612
790
945
1297
511
1208
110
102
1473
1469
1474
295
284
198
182
225
957
144
132
203
169
192
1398
972
975
977
973
483
1265
1265
1269
1264
1268
1269
1094
1210
1210
1420
1417
1416
1418
1359
1355
1362
1352
1357
1360
1410
952
1257
496
491
500
504
644
649
1104
6
2
718
734
730
919
107
555
561
1254
344
687
675
685
688
1162
1164
1164
1138
1161
1156
1140
392
1141
1156
1147
1144
1359
1089
1336
1081
1477
23
1260
1206
124
147
1261
1255
1255
622
1477
1215
1218
789
1245
169
21
993
1257
1057
1125
960
1454
355
645
1435
1297
1100
1100
1034
1454
183
142
159
194
184
145
163
112
535
636
621
901
1424
1206
1205
445
257
1120
467
335
331
270
1439
885
1461
491
538
554
547
537
503
763
792
771
85
131
85
800
826
421
447
1124
1267
1473
1471
1468
1476
1355
1361
745
1263
1188
1187
1188
1330
34
43
35
48
99
1444
1444
1444
1138
1457
1457
1451
1453
1455
1460
355
356
596
1123
1123
423
79
1026
1463
1461
1453
1461
1451
1463
1461
1018
622
1207
1255
1253
1053
1066
504
163
136
823
768
809
385
1431
1437
1434
599
1431
367
1429
1433
1430
1201
1434
1432
1437
187
184
167
223
222
129
544
1177
793
528
527
523
510
715
519
534
524
512
531
1045
1042
1050
394
680
392
396
396
728
734
1465
1465
683
1138
1148
1160
1148
1162
1140
1180
1180
1179
447
797
427
782
430
456
451
425
431
829
427
434
814
825
449
812
434
1138
466
245
118
821
820
1184
753
1221
1471
1476
1468
1362
1471
1475
1471
1427
6
1352
1471
1470
1469
1471
1469
1467
1469
1362
1352
455
1446
714
700
700
697
698
704
1210
1412
1170
1168
1122
1413
1122
1122
701
713
709
710
700
704
687
573
459
785
827
1124
1256
1259
1259
1253
1261
1254
1249
1067
1053
1255
823
25
11
423
462
462
466
446
788
822
760
424
808
744
967
479
481
966
1076
969
1187
1090
643
364
227
239
354
1103
1055
23
422
1297
1392
1225
263
270
1317
1224
267
266
1224
1317
1318
1318
1319
1319
1317
273
1443
1442
1438
888
1438
491
489
1357
1357
1357
1354
1362
969
965
1077
478
1076
1077
777
1351
1351
24
806
810
844
779
823
790
830
815
778
830
838
423
441
815
848
831
834
839
802
430
1209
1208
1208
1176
1176
8
9
1209
338
337
339
338
337
336
340
372
114
203
1178
538
1457
1118
1119
1115
530
526
518
1179
468
851
444
448
1043
1045
748
1036
1038
757
851
679
1112
1112
556
1448
411
410
577
564
576
1092
858
193
114
146
785
814
820
185
144
1198
1197
1243
1239
1242
1185
851
1459
1451
1459
424
420
445
12
1461
1452
64
66
836
1029
431
1100
1100
1097
1123
1125
1125
1125
1215
111
211
483
1438
166
191
1206
1265
1266
1265
743
735
1200
1187
1199
140
206
202
226
173
185
203
217
175
458
541
1178
1177
503
22
467
157
119
433
502
493
456
1094
1094
478
1410
1410
1401
1404
1410
1405
1409
1410
1409
1410
1399
1409
1407
1397
1040
681
680
672
592
593
593
348
346
1218
569
1092
1092
1093
578
572
1090
1093
1091
1065
1056
1106
1062
1179
117
116
141
226
1178
553
1352
1354
1361
1358
1352
1241
918
1189
524
530
522
522
520
515
1465
1072
1069
1072
1130
1428
1429
299
911
322
900
1429
1426
1427
1480
1480
1428
295
296
293
1466
271
274
269
798
468
1337
1334
561
996
1128
557
1007
1332
1332
1336
1335
1219
562
560
1345
1247
1247
1247
1247
1239
862
1240
1238
862
1243
1449
1449
1016
1126
1094
280
282
992
73
356
354
242
227
242
1433
630
244
238
232
233
1101
245
231
1216
252
354
72
640
261
18
16
504
506
1204
1436
1432
1433
195
218
220
505
495
938
1132
729
1132
942
933
925
736
1328
1329
736
860
854
1370
1391
1375
1374
1390
309
905
911
1431
377
386
376
1434
1437
315
299
335
329
311
910
1205
1207
837
805
84
13
14
1450
160
164
187
214
440
1230
1283
1203
1203
1203
1286
1204
1348
1228
1346
1344
1346
1281
1308
1348
1350
1346
1348
1348
1348
1287
1226
1233
1229
1293
1184
1184
1184
1057
481
258
241
254
259
363
208
246
1456
1107
1096
1017
385
1427
316
265
264
132
235
642
251
1428
852
334
902
1423
1428
244
1108
1460
1461
1452
239
72
360
1214
1211
1218
1215
1214
1211
1211
1217
1100
1097
1108
1463
1459
620
1103
1447
1133
951
23
829
1354
1358
1362
1359
1360
1358
1358
1354
1360
1352
1362
1362
29
1196
1199
882
866
874
874
879
882
863
1160
1158
1142
1156
1144
1152
1138
1149
865
1148
1158
1149
1477
1350
1297
1297
1284
1309
1311
1307
1240
1243
1241
1241
1238
1243
1473
1177
1415
1421
1420
1418
1416
1415
1417
1418
1417
1414
1416
978
1413
1416
979
988
978
1209
1414
1422
1420
1414
1418
1414
1414
1415
756
1050
1032
1050
341
664
1149
1143
1134
1135
1140
1158
1138
925
1248
1356
1358
1361
1449
1191
1189
1199
1187
1125
1330
1188
231
143
250
235
229
237
649
1108
1104
1051
242
1063
1055
1065
1037
1045
1048
1044
1047
1045
1045
220
439
490
1224
488
1075
473
586
584
107
1418
243
77
1107
733
267
174
1351
1106
564
275
1299
1302
1029
487
932
1426
1477
1356
1291
1363
1127
1414
1313
1224
1261
1262
1210
1221
1093
1094
1353
1358
1360
1437
1437
1436
1433
1430
901
902
311
308
759
747
720
633
1108
722
1430
320
305
598
367
380
376
1436
1433
1434
152
216
127
1432
1434
1437
148
225
198
220
1429
1432
1435
194
176
350
1149
1153
1145
941
918
919
1132
892
935
891
891
922
81
1247
1186
922
916
1171
558
1002
998
998
1003
1007
1000
1001
1007
1000
1008
1001
1002
1247
618
329
746
1256
1257
682
1134
1156
1146
1166
1135
1145
1166
1156
1158
663
343
684
671
683
664
675
1150
1158
1138
1112
1115
1113
1113
1156
1138
1154
1158
1144
1147
1150
1162
672
1064
619
1109
1105
1051
1052
1458
1105
642
54
49
1196
1186
1186
1189
1190
1200
646
323
633
1128
1126
723
629
231
1457
625
374
5
1108
1184
1100
1012
1127
1130
1127
1012
70
1126
230
619
778
798
1127
1128
636
1221
595
1408
1404
1408
1409
1405
1405
582
1410
1406
1408
1395
1404
1404
1408
929
939
1133
1134
1132
584
1336
469
1127
521
998
714
712
699
692
40
52
1189
583
397
413
931
658
951
1133
1370
1291
1293
1292
67
1291
146
170
165
189
137
167
958
1294
650
603
650
614
613
611
608
605
654
603
605
651
775
841
429
446
828
786
817
1255
1253
1257
1257
1042
1040
1158
17
443
447
446
804
844
792
821
772
13
384
366
161
1436
1435
1435
379
139
167
957
961
164
962
348
1113
1135
1141
1366
860
854
1368
364
1449
1448
535
1447
534
1448
1447
88
1125
1124
1325
1328
1328
1329
1329
1329
1323
887
1110
1319
894
897
895
1110
1249
1110
897
1176
1249
1133
91
66
65
103
1338
1338
1112
1319
1317
1320
1317
1319
1223
1224
1110
1443
1466
272
268
1197
1185
1197
30
1186
1185
1189
1197
1195
1187
235
1265
1269
1267
1265
1277
1270
1263
1411
1411
1436
1436
320
1432
322
326
1425
746
755
750
1424
1425
1426
1425
1168
1024
1168
1170
1412
1411
408
408
1412
1413
1412
1025
1412
406
930
937
931
930
1427
756
1391
605
601
603
603
606
652
603
614
653
603
609
608
603
1378
857
1377
1372
1374
1383
1385
1385
1370
1388
1386
1370
1217
933
94
680
1166
249
537
550
360
1477
1018
50
59
39
28
1198
1188
1185
1198
1199
1196
1188
1196
1190
1199
36
35
49
32
56
1330
1034
748
1406
964
1342
1344
1343
1342
1343
1221
963
1323
1219
94
730
688
1219
1351
1352
60
945
936
1092
1323
277
276
1304
483
485
1210
349
1339
1243
1334
88
1338
1336
1339
1336
1333
1445
1448
1406
93
715
87
487
1413
1417
1417
1414
1417
480
1176
990
980
674
342
344
349
342
343
1219
1300
1295
104
1263
690
664
663
659
677
402
868
1445
914
1142
1444
588
1390
76
1168
1168
1170
1363
405
1445
591
734
733
390
976
602
603
654
650
603
605
606
1189
1201
1195
91
916
93
916
938
1092
942
1115
943
75
1239
1237
939
707
76
854
859
854
856
404
1299
1299
1299
1299
1301
1301
1374
922
1294
1293
714
1352
334
327
371
335
302
304
325
330
306
301
155
1426
151
1424
1425
1426
1423
112
289
288
292
290
863
1465
291
287
1217
1295
1296
1295
1295
1296
537
542
544
546
555
539
539
1356
1362
1363
1355
1361
485
487
486
486
1438
1443
887
883
884
717
1342
1222
964
1342
375
1278
600
1054
417
419
163
989
983
987
981
1066
1064
647
1230
1230
1226
1230
1235
1235
1230
1229
1233
1284
1235
1227
1226
1230
1308
1306
1313
1311
1305
1306
473
1222
1221
411
1228
1285
1226
1284
1204
1201
1203
1203
1350
1347
1201
1279
1231
1311
1313
1280
1287
1280
1233
1231
1235
1232
1227
1201
1204
1201
1201
1230
1228
1313
1280
1286
389
388
389
1228
408
1429
1328
1086
1084
1081
1249
1325
1082
735
1079
1037
1358
1070
1217
1439
1195
1413
1245
1438
333
179
1480
25
701
352
636
1012
1430
872
101
1405
1410
340
1009
1070
1263
1463
206
1263
1164
846
1216
1218
1046
1180
1407
1352
1122
29
2
1455
359
1071
746
1150
31
803
1426
1409
737
784
961
72
346
1123
1152
510
1135
1329
831
1218
1214
1249
1166
1111
1295
1057
1218
1321
872
1071
1065
956
937
1336
1443
1088
1219
1204
886
1096
1225
1123
1235
284
106
1176
1176
283
599
1027
721
1473
317
303
898
282
143
537
1437
1431
220
961
115
168
124
160
1407
1405
1410
973
976
970
977
1351
1273
1268
1275
1267
1263
1263
1267
1269
1264
1265
71
1291
1353
1356
1355
1357
1287
1196
927
492
502
498
1
4
925
920
954
108
107
558
559
1048
1208
1019
1257
352
671
676
672
666
690
1144
1138
1135
1162
1151
1162
1150
1140
412
1161
1135
1142
1353
1468
1468
1359
1475
1467
1471
615
617
1334
1471
1252
1261
1253
1259
1255
1298
14
1216
1210
1210
1119
1216
1216
1211
1205
979
742
296
296
1052
3
8
537
554
779
254
357
73
1019
372
1431
1432
449
719
1096
1104
1042
1453
125
122
123
158
140
219
1115
274
318
435
442
1207
1297
1319
1118
749
436
304
1447
1184
1112
1111
1110
537
1463
505
545
540
540
540
537
547
840
805
799
1295
1297
1109
1267
1263
1263
1277
1470
1473
1362
6
109
757
30
1195
1187
1185
40
35
51
56
1478
1445
1445
1446
1166
1139
1095
1457
1456
1459
1455
723
1465
723
1452
1124
15
14
10
806
77
78
535
1177
1450
1457
1451
1459
1461
723
1461
1455
1461
1107
1445
536
492
1205
200
841
812
1446
789
1245
549
1437
1435
1435
1433
155
192
213
501
1178
817
1005
518
531
532
527
533
526
524
524
519
517
528
510
1448
1044
350
392
1134
732
732
733
351
668
1140
1149
1114
1134
1179
1182
1180
1181
1181
421
431
465
436
449
459
420
441
452
449
445
445
450
464
64
804
439
782
447
1162
177
159
185
1340
442
454
838
755
1469
1357
1359
1474
1473
1475
1467
1469
1467
474
1078
6
1468
1469
1475
1471
1474
1359
1356
1180
1180
67
68
711
713
1168
1170
1122
1412
1411
1412
1412
1411
1122
1170
82
689
737
705
1027
1028
699
699
696
691
710
711
744
1115
392
394
587
394
398
585
398
1458
1152
1221
1220
572
1094
1090
765
448
1257
1257
1259
1255
1257
1257
1249
1252
1257
1253
1259
1055
1259
813
849
431
424
447
449
441
433
441
478
471
477
966
1078
1073
48
1330
1291
647
262
256
1105
1097
1053
788
796
762
826
1352
1319
491
1439
1084
1085
1322
1223
1224
1320
1319
1317
1225
1321
489
1224
1224
1225
1438
1224
1225
1223
1354
1360
1357
1363
1291
454
64
472
965
746
791
1303
1352
104
1351
1352
1352
691
844
781
825
762
767
822
761
845
763
799
811
848
764
808
840
771
1205
783
818
813
811
825
768
792
1172
1176
487
1208
1209
982
1172
10
1208
1209
338
339
900
153
541
549
1045
1115
508
508
422
448
1180
461
453
829
467
444
765
466
467
1039
804
428
673
660
1112
1115
754
1355
1085
1055
412
1245
410
578
573
566
581
566
565
580
579
580
575
1094
1094
1094
579
565
563
178
492
537
1153
46
39
1187
1239
1239
1178
1190
1457
1460
1451
1017
1104
1455
450
1245
1463
1453
1453
545
1246
1205
452
1096
643
1124
1069
170
506
498
174
506
1351
933
103
104
364
162
1241
1271
1132
1134
1133
44
43
1196
1329
1177
825
201
170
155
1424
152
118
216
196
205
1178
1179
191
136
148
504
499
842
798
809
144
142
179
180
154
140
537
502
547
501
1091
477
1406
1404
1396
1404
1398
1409
1396
1407
1398
1404
1395
1395
1400
1409
1406
1399
593
1102
420
349
340
340
402
1091
572
578
576
568
569
1065
1421
169
1477
428
454
217
125
502
802
434
1361
1362
1360
1361
515
523
519
508
522
521
525
1070
555
1424
1429
911
898
907
906
909
321
1428
1426
1424
1220
1480
1466
1466
1466
1466
273
469
1338
1333
1331
1001
997
1003
469
470
1332
1338
1331
1336
995
1336
559
556
468
1006
470
1027
1338
1349
1244
1243
1239
1449
1449
287
1103
228
241
238
1108
379
1096
631
1096
623
623
16
804
777
1184
374
116
1437
1435
1431
1430
372
1134
949
926
719
718
1206
735
1328
1328
1383
854
854
1367
1388
1363
382
383
386
1434
1433
384
371
902
86
1258
1257
553
1455
1451
233
1106
1059
181
128
761
811
1203
1202
1228
1235
1228
1201
1201
477
1203
1227
1348
1350
1312
1346
1348
1348
1348
1350
1346
1348
1346
1230
1281
1229
1236
1235
1293
1295
1293
1183
1052
1184
1184
1184
237
1053
968
967
259
258
232
259
241
154
356
1459
244
1431
1434
383
369
364
307
1103
69
253
297
297
852
316
124
1480
1480
1454
1456
1211
1215
1214
1216
629
1107
1109
1057
1464
1057
1451
1455
1453
1461
1090
262
75
443
813
1357
1361
1361
1352
1361
1356
1361
1357
36
44
1187
863
881
876
872
1156
1166
1158
1135
1114
1164
1158
1148
865
882
882
867
877
875
873
869
1477
1346
1344
1311
1241
1240
1242
1239
1473
1468
1469
1467
1467
1469
1477
1473
541
986
1420
1414
1418
1418
1418
1414
1420
1418
1420
1413
1417
1417
1421
1176
990
1418
1416
1416
991
1209
1208
749
1038
1044
1045
345
1162
1144
920
924
1353
1356
1354
1354
1360
1358
1355
1363
1354
1195
1189
1190
1200
1198
250
229
188
126
213
128
237
260
232
232
249
544
828
818
1124
1105
1035
1047
1045
1290
1248
1207
1207
1319
585
586
1465
669
90
363
1123
1351
258
934
855
1299
537
1178
1178
1387
1370
1471
1471
1469
1467
1471
1462
1102
358
417
101
1263
574
1220
577
574
567
1094
1092
633
1360
1353
366
378
1437
598
1433
385
331
332
319
398
753
623
1436
328
308
387
382
369
597
599
130
135
1205
128
161
202
141
126
136
906
904
1437
371
129
377
161
182
215
1165
892
893
928
936
972
535
535
1177
1177
1195
535
1008
1001
997
1000
996
1247
617
751
1259
670
661
1134
1155
1135
1138
1166
1163
1152
1156
1135
1422
350
1142
678
677
686
688
673
668
1148
1147
1152
1158
1156
1155
1112
1153
1140
1150
1140
1144
1142
1145
1156
667
1160
1087
1100
619
1106
1062
1103
1110
1185
1106
1104
621
36
36
32
32
37
45
1199
1185
1200
1198
1186
1197
1190
1330
1195
1186
1196
1196
527
1449
724
1450
1130
21
17
181
641
1455
637
638
1096
387
333
217
150
1426
1104
1131
160
129
228
620
1128
1127
1129
1130
1011
1013
1011
227
1115
625
365
1126
1453
847
1450
1128
1014
1429
215
1211
1220
1220
1220
1221
1220
1220
594
1404
1407
582
1400
1406
1405
1406
1409
1406
1291
937
918
1133
922
917
941
470
560
471
1205
1030
1029
692
705
708
692
694
697
28
33
395
1134
952
932
656
1179
1179
1376
651
61
63
65
177
1207
213
151
179
117
160
226
113
150
1293
1294
1293
491
1293
1293
612
604
613
613
603
602
654
655
1156
1113
24
450
443
844
786
1151
202
188
1039
1047
749
756
24
465
445
436
461
432
837
805
770
830
769
787
770
303
1431
366
1433
370
161
960
956
201
348
493
1044
1389
535
1447
535
1447
1447
1124
1325
1323
740
740
1168
889
1317
1315
1321
897
1317
1176
918
916
487
1293
67
67
1427
100
744
991
1351
1337
1205
1439
1321
883
1443
1438
1319
1466
271
1197
54
54
1187
1199
1189
1198
1330
1359
255
240
1233
1048
1265
1264
1276
1265
1263
1267
1274
1275
1267
1264
1411
1411
168
330
1426
1423
1422
758
747
1020
1247
404
404
406
1413
403
1170
1168
1363
1413
1024
1021
1021
1019
1024
1020
947
951
954
931
922
757
1381
1382
614
609
607
1371
861
854
1378
1373
1382
1376
1366
1379
1369
1380
1366
1386
1380
1352
1214
1211
1217
1211
937
973
1146
148
373
777
1241
927
42
48
30
1195
1199
1185
1190
1187
41
27
1329
556
1245
1342
414
1342
1344
1343
1344
1340
1340
1222
1222
1222
1340
1340
1323
1323
105
1122
1243
1239
725
725
1351
100
1030
565
575
974
1410
277
275
483
978
1332
585
1351
1334
1242
945
941
1132
1332
1338
1332
671
1406
110
1404
1407
1408
487
1340
1172
1222
964
979
1223
1222
1416
1417
1416
1416
1415
1415
481
10
1209
1173
1172
1172
1176
980
983
1015
1210
1210
390
348
351
1389
1363
1299
1295
105
102
674
687
679
676
662
401
401
1332
1369
1209
1159
1148
1114
1121
1404
732
731
80
78
1123
653
651
655
652
653
607
1112
41
1199
1190
1195
1186
1330
1330
952
99
1241
854
1427
75
1200
1241
1478
944
508
694
1408
972
857
407
873
407
278
1300
1305
1302
1302
1303
1299
1301
1299
484
1374
99
935
89
97
925
90
1293
1205
1205
308
311
319
305
332
334
322
307
332
299
333
131
214
213
167
1424
1425
121
142
1424
1308
1295
1297
1297
537
548
545
548
1360
487
1095
485
486
1438
884
1315
1443
1439
884
1224
885
896
716
594
963
1342
1340
1341
388
132
240
1172
279
1172
1244
418
418
1128
283
992
989
981
1106
1104
425
1231
1227
1236
1227
1227
1228
1282
1231
1231
1226
1230
1306
1313
1311
1079
967
969
1074
1344
1237
1227
1226
1287
1230
1230
1227
1346
1346
1346
1346
1351
1202
1203
1202
1202
1202
1204
1204
1204
1344
1350
1229
1233
1228
1283
1235
1230
1279
1227
1226
1227
1287
1235
1233
1234
1235
1228
1204
1234
1282
1228
1202
1230
1325
1249
853
754
1449
1329
1406
657
952
1219
858
932
1428
314
1178
891
1115
515
1332
1467
1123
1009
1422
1433
303
51
821
1164
1216
953
55
707
926
820
843
690
1158
1162
634
28
767
35
1369
511
560
195
1135
635
277
1185
1168
310
1424
1148
920
1010
1443
300
1249
431
212
1353
115
1430
776
1424
190
1122
765
1211
1110
1146
1124
802
1115
1321
113
1225
1132
1373
1249
510
595
941
518
458
1353
657
1132
986
284
1209
1132
1249
1462
1471
296
330
755
1180
1430
1430
1435
224
123
147
162
196
211
216
182
153
1405
1074
482
474
1267
1267
1272
1270
1271
1263
1273
1272
1266
1269
1276
1415
1417
1419
1173
1173
1362
1291
1353
1210
1190
934
933
923
935
1261
1255
1257
495
500
503
506
507
494
506
646
7
4
8
1
5
72
3
1
5
716
934
107
944
929
556
1171
674
683
670
679
1164
1138
1166
396
1139
1142
1158
1145
617
1467
1338
1334
1129
1249
1255
1115
156
162
126
145
125
63
1206
1261
1216
1218
1107
747
639
1215
1096
1206
1096
18
1104
1057
738
550
739
357
1455
1102
905
907
322
1126
717
1035
1045
724
1176
267
222
170
141
225
182
120
113
197
194
143
119
1108
1424
1425
1297
254
491
1180
1115
1117
294
748
461
429
318
269
1317
1316
1324
546
500
499
536
543
494
503
772
822
83
84
850
850
1246
894
835
234
1263
1269
1265
1267
1269
1358
1354
1474
1471
1354
1468
720
1427
751
1198
1187
1197
47
1188
1193
1200
53
47
37
34
52
38
46
26
1206
1445
1103
1096
1108
1445
1144
1450
1456
1463
1067
1456
634
722
1457
1124
1123
109
782
816
838
839
433
78
1025
80
1177
1453
1456
630
1453
630
1457
1455
1454
1449
1455
1102
1257
1054
1068
1351
1181
426
116
153
112
1206
831
843
816
831
836
852
1245
1435
370
1435
369
1435
201
157
192
175
121
176
223
499
508
528
520
534
509
517
529
715
509
510
508
511
528
525
398
395
728
733
1158
660
1152
1166
1150
1160
413
662
1179
1180
1180
1180
21
433
429
824
460
835
427
433
461
424
11
433
780
464
813
441
1164
1164
426
12
428
453
774
249
1184
1026
1357
1355
1475
1356
1475
1473
1474
1467
1473
1474
1470
1470
7
1081
1363
1473
1467
1355
1475
68
1190
1189
713
352
702
698
713
710
704
353
353
1123
1413
1170
1170
1168
81
1412
82
82
676
397
692
705
708
704
710
881
1113
677
401
395
1011
1221
1220
574
1094
1446
840
12
463
1125
1253
1261
1259
1259
1052
1053
1125
1253
1253
842
773
439
1363
969
483
50
1198
1189
28
1353
1182
644
634
647
1102
1100
798
1393
1317
272
1439
1087
489
1083
1086
489
294
1322
1225
1321
1322
1315
1317
1321
1315
1319
1321
264
1314
1224
1439
1223
1225
1443
1177
263
1362
1362
1446
1074
473
1077
970
106
760
818
827
790
837
763
801
843
776
850
790
773
826
819
460
11
447
846
836
463
1422
1208
1208
1176
992
992
1176
1413
337
338
337
339
336
299
329
382
326
127
1177
1179
543
548
1177
547
109
635
1117
532
522
1095
22
432
1446
796
423
1047
1043
430
835
1355
1086
1015
1015
567
567
1092
574
565
569
575
580
581
571
563
570
562
1094
1092
799
904
537
760
1160
1239
1241
1190
1237
641
1471
1461
1461
451
443
458
1459
62
1292
1246
452
919
950
272
235
1125
119
917
482
1411
1265
1274
1269
1269
741
736
53
1195
1201
29
1197
554
548
555
542
805
791
113
212
190
165
186
191
202
126
123
459
540
200
1177
1178
496
784
816
816
811
793
425
18
156
190
463
506
502
1094
1408
1409
1409
1400
1404
1405
1405
1410
1401
1405
1410
1035
1043
659
351
341
351
345
1219
1219
567
570
572
579
576
580
1094
1067
218
165
1217
251
777
148
157
215
137
181
192
198
1178
1108
808
939
1243
1199
87
516
530
529
532
512
1071
1070
1018
1019
1126
1127
561
557
1428
1429
1291
906
305
1423
1425
1422
1428
1428
1080
298
1466
1466
1466
1466
1466
265
557
995
558
1026
1336
1335
1332
1338
1332
1335
1335
999
996
1002
1004
1336
558
1130
1407
1350
993
1208
92
1241
1240
1243
98
97
1017
1125
1126
281
282
981
988
600
600
645
358
253
1100
238
212
638
1109
253
229
1217
359
360
640
359
1216
1124
69
1108
16
848
493
492
1431
1436
378
375
494
402
563
101
953
729
918
927
717
1325
1329
743
1376
1368
1388
298
1434
1432
1434
365
368
367
379
1432
380
907
326
325
910
328
305
300
912
910
1206
1206
802
85
84
764
1459
245
624
368
899
1424
783
789
761
1285
1279
1230
1286
1235
1201
1283
1280
1227
1346
1344
1346
1231
1287
1227
1235
1231
1295
1295
1182
1063
727
1073
1079
261
245
252
1449
1459
1464
205
178
230
233
1104
1108
1451
328
68
243
644
239
900
271
207
1428
1480
71
1459
1463
259
1124
1218
1217
1214
1211
1214
1217
638
1461
1456
1451
1455
1102
1107
1463
648
645
1107
1133
76
18
441
847
819
807
1353
1355
1357
1361
1354
1360
1363
1356
1356
1291
52
42
46
34
1198
1151
869
866
342
865
868
866
881
878
865
875
1140
1162
1144
1156
1160
880
879
872
876
393
877
1142
1160
1146
1147
1269
1477
79
1345
1305
1307
1241
1237
1242
1237
1477
1475
1467
1472
1243
546
553
1415
1415
1414
1413
1413
1418
1417
1416
1415
1416
1422
1418
978
982
986
988
1419
1418
1419
1415
1419
1418
1090
1215
1215
1034
1045
1045
1049
1035
668
1206
1207
920
1258
1253
1259
1205
1353
1186
1191
1197
1186
1188
256
230
360
358
159
119
183
1013
240
251
253
255
237
781
1123
1451
1108
1101
1102
1066
1102
501
624
1045
1045
1291
219
1207
1207
1319
488
489
489
1319
1321
1321
488
490
587
583
343
1417
387
1168
1122
716
591
1465
141
982
1237
1237
507
886
497
1373
972
1470
1475
1471
1354
1131
1454
639
1459
1457
416
1348
1225
1262
1221
568
1092
1090
1091
1356
1362
315
1432
903
1435
1430
334
372
306
904
396
747
1062
373
1431
597
1434
186
114
214
901
901
1432
386
117
120
175
111
345
347
1160
1141
1146
1134
1170
862
893
893
938
949
100
1447
1177
1247
1199
923
932
894
557
1004
1006
1004
994
1005
999
997
1006
994
1000
1247
616
325
758
749
757
1261
669
688
681
1134
1160
1151
666
661
682
342
675
684
681
658
684
678
689
673
691
673
679
668
1150
1153
1155
1147
1145
1146
1144
1138
1144
1113
1164
1162
1143
1160
1164
1164
1158
1135
1160
1160
1144
1425
1247
1246
645
618
629
634
1058
1063
1053
1100
1096
1105
1100
1459
648
31
29
49
56
56
26
1198
1198
27
1196
1195
1196
1191
1186
1197
1329
1190
1197
1197
510
626
1455
2
1128
1130
187
221
1463
3
2
1102
1130
1128
1013
1128
1127
1128
1130
1130
1128
632
1127
639
1104
1184
1103
646
1126
1126
495
449
622
1182
845
801
1458
1450
1457
1127
1130
1014
1129
1127
643
1461
636
139
1436
1221
1401
1406
1406
1404
1409
1409
1406
1408
1406
1407
1408
1407
581
1291
923
1133
920
1133
918
1334
471
1339
1254
701
1032
703
698
706
695
1031
37
1188
43
1193
945
1133
1133
916
939
658
657
656
948
1133
1291
62
66
65
63
115
183
199
221
1295
1293
1293
605
913
612
603
605
651
656
605
655
1427
22
463
845
763
214
1039
754
1049
21
24
460
444
436
460
846
824
1298
380
1432
158
176
1431
367
1436
375
314
320
959
199
144
149
958
960
957
1114
1038
1368
856
854
857
1370
1380
535
1447
535
1447
1448
1448
535
562
1123
1328
1328
1325
1249
738
739
1167
1325
1329
1325
738
1110
896
1319
1112
1110
1111
895
889
664
916
89
93
97
1134
1080
62
1245
569
981
1427
1333
895
1322
1223
1438
1110
489
1111
888
1443
1438
1223
1443
295
264
273
274
262
1188
1191
1193
1185
1329
1329
1188
1185
1145
1049
1273
1271
1278
1268
1268
1267
1267
1267
1411
1411
1014
1411
300
1425
1168
1170
1170
1169
1169
1020
407
1122
407
403
928
940
91
1426
1427
278
279
605
860
607
610
607
608
604
605
610
608
603
601
603
606
613
857
861
858
856
1378
1378
1387
1391
1378
1383
1363
1374
1372
1372
1379
1211
1214
1211
1217
1215
1211
1216
938
1138
189
193
897
376
50
54
31
1193
1200
1189
1190
41
51
55
27
1330
1329
404
755
753
1445
416
1342
414
963
1344
1342
965
414
414
418
1340
1344
1222
1340
1340
1340
1323
1323
507
1122
1171
912
912
1239
728
566
1031
1031
581
916
976
1090
974
1302
275
484
485
991
1153
1336
1334
1332
1426
1385
1373
1367
1381
1426
535
100
393
1409
1394
1407
1340
87
415
1223
1422
1416
1417
1176
1176
1172
1210
343
347
1219
1219
1113
1112
1155
1164
1445
102
106
659
667
662
690
669
397
1445
914
923
1339
1323
587
1372
1367
1370
390
890
1029
1020
1427
693
731
732
395
1122
1025
727
604
913
915
654
655
605
605
1303
59
37
1330
88
98
90
916
1237
91
918
936
1426
1090
1237
1237
1238
1241
1030
922
944
1445
858
405
403
74
1299
1299
1299
484
1028
1381
1427
730
1293
696
708
309
316
368
304
307
302
335
310
318
319
331
304
320
298
333
314
319
321
310
1425
137
128
186
293
292
289
291
1465
288
291
1206
1297
1297
1296
1296
539
543
550
1356
1361
1360
1362
1443
1225
888
885
1111
1437
402
717
964
1222
1222
1115
224
1115
355
1172
281
1244
416
419
415
415
1219
131
381
987
1185
1058
1184
1185
1102
429
1164
1229
1226
1229
1285
1229
1226
1233
1233
1233
1226
1227
1228
1226
1281
1230
1310
1309
473
479
482
1075
1313
1226
1233
1235
1229
1231
1348
1344
1202
1204
1204
1204
1204
1287
1347
1344
1202
1202
1229
1230
1228
1233
409
1283
1234
1236
1201
1229
1287
412
411
1309
1308
1310
1306
1311
389
388
1227
1234
1229
1249
1085
1084
422
1049
1199
868
1223
1328
921
1214
1358
1127
456
1438
1182
1368
1010
1162
1096
60
595
1261
1216
1299
1429
1359
1290
1112
1068
131
1452
1463
1465
1167
208
1053
201
1467
667
158
1117
956
1328
422
375
801
1009
1216
508
1217
1422
1243
1215
769
136
1465
1106
433
1142
1384
4
875
1363
1434
431
118
1204
909
1466
1211
1168
605
1125
1186
602
605
1223
50
1434
1214
268
874
1338
1439
878
1110
1367
242
1372
1124
884
1140
979
353
1233
980
1173
977
744
632
1473
297
293
325
315
898
753
1179
280
287
188
207
206
122
186
205
500
1408
1411
1404
975
971
971
973
976
1076
477
480
472
482
1274
1269
1269
1267
1276
1272
1273
1266
1265
1087
1270
71
715
1355
1354
1356
1357
1357
1361
1291
1363
1106
298
1407
1404
1407
918
1185
922
924
502
501
497
622
7
4
5
635
1100
8
1045
1208
1172
344
1144
1166
1112
1145
1147
684
616
615
1255
1259
1261
138
61
1207
1207
1253
1299
1218
1210
1210
1100
1211
1215
1215
1245
1105
1255
741
1453
1096
1328
762
229
138
742
243
363
1100
366
386
378
377
1437
1432
1429
1430
1434
1126
118
1038
1477
71
1455
263
272
139
226
204
145
1116
1108
646
1477
1206
1207
743
1102
1182
745
1225
466
427
1446
542
1443
1453
1457
535
550
498
496
537
554
786
839
797
432
1224
828
1275
1263
1263
1265
1276
1467
1080
1266
1269
1197
49
25
89
92
1444
1109
1219
1162
1140
1454
641
1463
623
1452
1104
363
109
441
1446
439
842
79
76
977
974
78
535
1450
621
1126
1126
1097
1108
1056
1453
1453
1463
630
1106
1108
1064
1256
1051
130
135
194
218
166
1205
215
772
824
799
815
827
841
768
376
373
598
597
1429
1432
374
1434
1437
1433
1431
154
166
207
495
1179
533
509
516
529
520
526
510
516
517
508
530
515
1040
1045
1206
390
687
672
1143
1135
1154
1158
1112
1180
1179
1180
1180
1180
435
843
793
421
426
453
457
440
457
793
449
443
780
784
431
453
849
779
785
431
443
456
1142
256
125
814
819
1182
756
745
1468
1090
1470
1469
1473
1473
1474
1467
1469
1470
1359
1361
352
703
709
705
712
712
1412
1413
1170
83
1123
1122
80
83
1031
700
696
706
708
691
1115
391
588
1119
1011
1220
1090
847
812
446
774
792
1124
1255
1261
1259
1261
1255
1253
1261
1255
1249
1055
1259
1255
846
458
443
817
840
1075
474
1073
967
1073
1187
1186
1330
1090
624
260
1360
1059
442
455
1204
1223
1225
263
265
269
271
1439
489
490
1320
1317
1321
1317
1321
1317
1321
1439
1443
1438
889
1225
1223
1223
1225
1321
1315
488
1122
1360
1359
1357
1252
1256
1253
65
483
480
472
483
968
1072
966
294
773
1351
1351
771
807
770
810
809
809
829
800
787
823
818
810
774
787
787
801
810
808
765
769
771
595
12
420
837
776
796
773
772
1222
1208
1208
1415
1416
1172
986
1413
336
339
1429
907
750
1046
108
1465
620
1451
1118
1116
1118
512
1128
512
526
527
15
815
836
821
1045
751
758
444
464
760
433
663
1355
1084
1245
408
409
576
1092
1092
563
570
573
149
537
1206
1144
1177
1196
1198
1330
1239
1239
1237
1199
1200
1243
1181
1458
637
1457
1106
10
442
421
824
1245
1453
61
60
637
1102
640
1108
1124
1125
1124
122
504
223
949
117
189
737
741
743
739
739
1132
1132
1188
38
26
38
759
157
173
184
169
180
184
197
163
140
1178
447
445
536
537
147
1179
504
502
506
789
830
767
835
425
176
538
506
539
721
1090
1092
1093
1092
1075
1407
1405
1407
1405
1409
1400
1401
1394
1394
1409
1410
1405
1405
1041
661
1392
345
575
579
570
573
1090
1092
1092
1090
1062
1051
1056
1058
1216
1214
1217
231
632
156
178
162
212
177
544
1123
1357
1357
1186
1190
1200
1241
532
529
518
525
1182
1126
1182
1429
308
905
321
301
1429
1422
1425
1171
1220
1080
1428
1480
1428
1466
267
1207
1334
1334
1332
1005
468
1128
1332
1334
1332
1338
1338
1331
1008
994
1026
1336
1332
471
863
1345
993
993
1237
1449
1449
1449
1016
1016
1016
283
987
991
600
257
1455
243
257
261
358
227
638
1436
379
204
1104
1101
1106
647
234
236
1100
233
988
989
357
631
625
619
1090
16
776
496
498
502
222
1430
183
217
168
504
1427
1132
1133
922
943
940
955
718
1253
1323
1328
1325
1328
1380
855
854
854
1389
1363
1375
1431
381
365
1433
1435
381
384
904
301
596
1435
1433
1430
1430
374
900
1354
86
84
1297
85
17
139
898
175
200
780
800
1203
1203
1228
1229
142
1310
1231
1348
1344
1349
1350
1350
1350
1235
1281
1235
1231
1294
1182
1182
1185
1182
1184
1184
1059
731
70
70
593
255
252
1452
724
238
1452
1018
1017
1434
648
643
1068
1428
73
70
261
1428
853
910
911
903
211
138
1059
1450
1459
1215
1214
1215
1216
1218
618
1218
1102
1461
1055
620
1102
1459
1463
1454
724
641
631
632
75
74
13
15
13
834
1353
1356
1356
1358
1356
1352
1359
1353
1360
1358
44
39
1189
873
873
880
880
867
869
869
877
876
878
864
879
1134
1149
1135
878
401
1166
867
1039
1348
1347
1348
1345
1307
1474
1477
1469
1475
1475
1475
1177
546
1177
504
1420
1420
1420
1414
1422
1418
1415
1420
1420
1422
1416
1415
1417
989
1209
1414
1414
1414
1418
1420
1420
1420
1415
1420
1218
767
1033
752
1041
1151
1142
920
94
1257
1355
720
534
1188
1187
1190
1186
1330
1330
1200
228
234
154
193
146
198
1477
228
256
239
254
252
850
822
624
258
240
1034
1036
1050
1032
1041
222
1290
1290
1288
440
1207
1207
1223
490
282
280
1077
1078
1069
588
584
586
586
587
1465
1410
1210
223
105
1126
1209
727
279
114
1198
921
942
268
936
1332
725
696
1300
803
1469
1470
1475
1477
1475
1469
633
355
722
1219
1221
1094
1092
1221
1055
1354
1358
1362
1432
1435
599
317
1433
905
300
393
1431
368
378
385
329
1248
1429
598
381
135
121
138
130
197
211
221
173
1430
380
1437
153
1429
350
1138
890
890
891
892
893
890
929
917
1170
81
1449
535
537
99
953
1132
930
954
1002
995
1005
1336
995
1008
998
994
1003
997
1447
1179
327
297
1259
1253
678
686
1156
1166
1142
1142
1135
1153
1135
659
751
341
675
677
686
685
669
1162
1112
1159
1162
1152
1164
1140
1135
1159
1142
1140
1164
1140
1158
1145
1134
1166
1159
680
644
629
1106
1105
1057
1064
1107
1102
1057
1451
55
44
34
59
53
1186
1199
1185
1188
1189
1195
1196
1188
1457
204
11
1130
1128
722
191
123
1453
648
642
371
1129
1128
1109
199
1106
1010
1127
1126
1127
1130
1010
1459
250
1103
434
1105
1127
1131
1127
621
635
791
788
451
626
464
1128
1012
640
1221
1221
1221
1220
594
1397
1408
1410
582
1407
1406
1404
1291
1291
1288
1287
726
927
915
950
915
1338
1337
1130
1007
1336
1334
470
560
1206
1028
1030
693
699
698
697
694
706
711
701
707
703
709
1190
1196
1196
1133
1132
951
1133
921
920
657
1133
859
861
1374
605
1248
62
159
178
174
197
111
137
152
962
1293
1293
491
1382
650
612
603
649
653
15
848
457
770
796
1259
1253
151
1033
1033
445
450
432
807
22
455
769
774
768
778
775
1298
806
779
834
369
179
219
219
1436
1432
1431
1437
218
156
205
956
955
960
957
955
185
962
1166
1152
1146
1148
1134
1139
1382
854
861
860
854
1378
1372
1376
1447
1447
1325
1323
737
1328
1325
1168
1325
1328
740
1317
895
1112
1110
1111
1249
1110
1292
1292
63
64
1447
1245
90
1338
1338
1224
1439
1439
887
886
1110
1317
1444
1224
1225
1438
1439
295
264
1200
1195
1197
1200
1200
1189
1160
1342
1344
309
279
