7391
1201
1127
1144
1153
1149
1153
1148
1143
1153
1150
221
1460
1359
737
1127
1128
1129
740
450
883
977
975
977
559
1291
1287
668
670
1291
848
847
847
1180
1170
1179
1482
1127
1475
350
1475
1473
841
843
1480
1478
1475
348
1461
1461
357
358
335
353
337
358
341
359
342
331
338
360
348
350
1412
1409
1410
1412
1409
1172
1164
1348
48
522
505
322
614
1471
1481
922
770
952
388
1182
945
390
386
938
923
923
954
945
953
915
930
402
390
386
392
394
403
377
1138
1220
1211
1356
1219
1218
1219
1356
1218
1218
1222
1222
1222
1219
296
295
294
292
325
1226
1225
1094
1092
1048
568
724
709
1126
830
830
564
837
1227
1220
1220
98
1220
315
314
1265
1342
182
561
801
803
793
791
797
1096
789
1226
327
1342
558
700
687
1472
1473
1197
1198
1196
1092
1092
1449
1447
1445
1449
1439
1443
1439
1207
1265
1196
1193
1422
1350
1354
339
1226
1132
1342
1344
238
246
722
292
348
1267
67
71
69
46
10
66
46
327
558
724
720
90
1162
557
1468
1468
1481
1477
842
401
920
917
1177
1179
1094
1172
1164
1164
563
303
1166
1100
715
562
564
1164
557
557
404
697
1466
1461
237
237
667
708
712
332
340
338
332
716
1172
417
544
546
547
543
542
544
537
530
532
535
530
645
506
489
747
441
737
491
745
1210
1211
1459
1336
1338
1338
1142
1338
1337
1338
1337
1422
1338
1422
1338
1090
1090
1090
109
129
122
281
1295
166
152
141
147
141
166
178
173
162
147
131
155
1293
1293
1293
1292
664
823
657
654
1118
656
1116
814
18
17
16
1418
1219
1217
1418
453
1243
1190
1221
1214
1210
1356
1356
470
1239
1354
1354
998
193
196
1069
594
595
1239
1202
1205
1216
1206
1198
1208
1208
1209
1408
1214
1223
1221
1209
1210
1203
1203
1204
1206
1378
1380
1454
1454
1377
1452
1206
1221
1222
1374
1378
1221
1215
1204
1216
1204
1203
1215
1454
1198
1202
1455
1454
1451
1451
1454
1217
1215
1200
1216
1215
1209
1210
1210
1200
1404
1400
1401
284
834
1404
1384
509
1171
1173
1097
1411
1325
594
409
835
538
538
287
31
1459
1451
505
1230
1329
1290
378
1057
993
1053
376
1329
1117
1451
1471
1451
1451
540
651
353
279
1055
1405
1286
681
1105
275
1405
27
1465
1181
1069
1457
1141
1294
1413
1135
1230
38
137
1471
521
1362
1229
1480
987
1071
474
180
277
965
1480
193
1476
572
215
810
825
237
1457
959
378
417
1025
1229
1033
1224
1223
1117
1167
821
211
679
407
1475
1236
1165
1090
1329
1266
1472
1226
1301
1317
1297
1368
1417
447
451
447
1457
435
433
449
485
447
677
1227
1227
1227
1228
1406
1150
1147
1147
1151
1148
1144
1451
1092
1092
1439
1447
1445
1445
144
146
144
148
136
155
681
1180
597
779
775
783
779
1107
1105
1007
758
755
15
721
719
1170
1451
1285
1287
614
618
1340
1339
1343
1339
50
54
27
52
51
41
34
584
42
23
75
80
174
186
796
1220
1299
853
603
1122
472
504
602
598
603
1110
1325
1408
1408
1241
729
506
858
1422
605
189
216
1457
866
322
1104
1358
1090
1008
1010
1134
876
447
465
436
460
446
473
449
501
1226
1108
1108
1323
744
1124
1124
1426
1066
278
1434
553
549
1024
660
1117
905
767
119
112
117
107
763
1247
1253
1253
222
458
221
1237
1243
1432
1428
217
1145
1302
1300
1297
1304
164
153
1127
1142
930
909
936
1384
393
402
386
381
1096
330
329
326
64
867
868
882
874
866
882
323
317
1336
213
214
1437
1162
1418
904
881
881
869
905
890
903
748
1108
1124
605
607
196
193
774
460
481
1230
1249
1257
633
1360
1363
1360
1336
1359
636
1367
1357
1366
98
1361
1360
1360
507
504
494
506
512
480
110
104
1233
1330
1332
1329
1330
1451
1332
1332
1329
1332
1328
1138
1135
1132
580
1344
581
586
588
723
723
753
750
1346
72
66
72
56
31
79
230
230
234
1424
1233
1435
1255
1433
1437
1428
1430
1431
1249
1432
1430
1263
1241
1428
1235
1436
45
1432
1057
501
1233
1233
265
1128
1185
1299
1313
1317
160
1297
1299
1297
1456
755
144
1299
1305
1297
1297
1299
1297
1299
156
153
1432
255
409
416
404
429
405
417
1092
1291
977
974
1082
1291
1082
1082
428
413
411
426
415
415
1348
1189
1428
1257
1261
212
605
605
603
606
597
612
596
187
188
600
1241
854
862
1426
1428
1437
1434
1424
1263
1235
1261
1435
1249
1228
1214
1407
1408
1214
1414
1211
950
186
1112
323
1059
1054
321
993
190
856
1424
11
1078
966
1029
1024
821
961
1027
1027
963
815
827
818
816
830
817
1028
660
656
661
1115
662
270
272
157
129
170
166
176
1214
1214
1414
1406
1414
1415
1256
1319
1319
849
1253
1238
1235
1259
1241
1253
1256
1237
1255
1246
1249
1436
1434
1257
1241
1261
1241
1230
1231
1437
1267
1267
1267
1196
1196
1207
1207
1265
1113
1114
1113
1113
1114
1115
1113
650
430
521
103
127
895
278
280
279
1334
1330
1328
226
1429
1259
1424
1436
1135
1134
1129
1135
1133
1129
1229
1346
10
11
1287
1182
1221
1222
1186
1187
1188
307
1467
519
523
487
1257
1263
1231
481
524
930
936
561
565
561
916
1235
865
865
880
1424
1435
1428
851
894
875
1156
1158
1240
1416
1437
1002
1002
992
212
211
219
218
1413
504
512
1407
662
525
439
1122
1152
1145
1153
283
291
924
922
920
491
431
429
472
480
512
449
432
489
1427
114
99
104
770
854
1434
494
449
1426
768
769
1426
309
312
1407
706
683
690
694
693
672
700
677
705
702
705
706
675
691
1133
1345
1339
1346
1467
1468
1467
624
615
293
1187
301
312
310
1187
1188
298
308
301
202
192
998
201
106
504
519
479
508
100
113
147
145
152
143
175
579
1179
911
1328
1330
1332
1328
1330
1334
752
593
591
593
1282
1142
1141
541
1321
535
1323
1140
736
1140
726
726
1140
1370
1370
1368
1162
1030
1021
1024
1235
785
802
806
1287
1035
1276
1287
1041
800
792
800
799
331
1287
1284
1376
1224
1224
1224
1224
579
1438
577
566
1438
578
1420
1421
1371
1225
1451
1417
1417
1352
1470
320
318
1049
1063
1072
1362
1108
1057
1063
1074
1072
1016
1052
1068
1412
1063
316
1470
1104
1072
854
854
775
773
1132
1358
1363
1357
450
440
458
772
771
1170
1100
722
1102
1176
1164
1168
287
1401
1406
283
1462
1464
360
337
340
364
332
537
1321
1322
1357
644
640
641
1360
1359
554
556
543
537
537
1323
1124
1122
1233
1261
223
854
850
897
448
515
497
502
1423
1203
1215
1453
1453
1453
1216
1453
1376
1199
1374
1376
1374
1217
1210
1373
1378
1373
1373
1373
1375
1216
1207
1199
1203
1420
260
262
264
205
1407
1051
1077
1056
1049
321
498
1058
897
1009
995
747
650
1140
526
1032
1032
433
1051
1107
1078
1140
835
555
1321
742
1142
1053
991
896
885
892
1074
1470
318
1409
1412
1411
1409
1412
1410
1411
1411
1005
1008
988
898
872
1106
1018
1228
1100
1180
852
1237
164
136
151
148
130
130
174
140
138
168
164
143
370
912
917
238
251
242
238
242
252
249
54
76
54
66
26
22
59
76
237
69
74
68
1325
1372
12
13
1215
1209
1209
1209
566
574
569
574
574
563
1306
98
1446
1439
1439
1445
1449
1442
1449
1447
1446
1449
1443
1352
1443
1447
1354
1355
1354
1265
1447
1442
1445
1443
1444
1446
1444
1448
1128
1133
1133
1133
614
1345
40
62
40
81
48
64
72
1180
725
164
143
168
1182
911
915
918
927
429
1383
943
1065
508
1071
1069
1057
1059
1106
1019
1000
206
1066
198
188
192
1138
1134
1138
1139
1138
1140
1132
506
1422
274
968
272
1415
1407
181
184
1225
1447
1049
1160
1006
724
1025
500
1319
1006
1186
1220
711
712
1416
1460
1168
1481
1299
135
1160
139
1267
1449
1209
961
1132
1132
1092
1186
301
304
157
177
154
1361
1360
1367
1362
1361
1325
1323
540
556
1130
1128
1459
1107
987
366
1363
555
537
1336
635
633
643
1363
1362
1360
447
432
465
1361
1358
1361
436
523
489
494
1357
1359
1359
442
481
620
25
33
22
1170
1166
1176
1100
1126
1176
1126
1125
1179
1265
1224
954
1168
1166
978
1285
1045
1038
1033
1036
1041
1040
1034
1034
1047
1036
1045
1040
1368
257
553
1130
595
600
1346
65
38
44
37
44
83
68
62
48
1340
623
1346
1338
1340
1344
1348
86
35
29
4
9
8
8
80
80
61
81
88
33
60
90
1348
194
1106
989
997
188
189
885
989
1106
376
396
951
922
912
913
930
952
1110
533
1109
1280
1279
368
1104
1073
902
1110
639
754
988
262
987
983
1269
1269
1274
981
1471
1269
1052
1111
1253
1246
1279
1267
1105
1185
1415
685
684
676
672
691
684
761
704
696
699
695
693
679
689
1164
1164
1100
1100
1102
182
809
785
1280
1329
1045
411
407
428
420
371
395
914
185
582
1471
1172
1223
1176
1100
343
1469
1469
1469
1156
1469
457
487
520
491
452
489
1457
1418
840
1477
840
1474
1475
1477
1477
1473
840
1473
1474
843
1241
1237
1435
1431
1239
1243
1249
606
595
601
613
1134
1135
42
858
1438
1432
1426
1261
1241
1261
1259
1245
854
626
645
458
1363
1357
1356
638
469
447
1457
1457
510
1457
622
5
30
46
364
1461
1466
333
864
1182
1181
863
1182
863
1182
1181
1094
217
214
1404
1405
1404
1404
1401
1400
1401
1118
1295
812
732
731
734
1293
1103
1295
731
1079
1103
1100
1096
1156
1156
1226
807
805
1293
820
826
813
818
817
964
966
1295
663
1162
1021
1032
928
944
927
402
922
954
944
950
929
912
1073
1146
1148
1149
1149
1144
1149
1151
220
221
1359
1362
546
1359
537
548
743
1128
1128
1129
742
739
744
741
979
845
976
978
1290
1291
671
668
1291
1287
1291
845
1290
668
1176
1178
1176
1168
1481
1127
365
1474
1477
1475
1473
1480
843
1480
1474
838
1473
1473
1475
1477
347
1464
351
342
337
335
334
338
341
338
346
341
1413
1166
1094
1344
30
1055
109
118
321
1325
747
382
401
382
397
926
919
940
927
947
920
923
950
910
955
380
377
397
398
370
1388
1138
1130
682
1211
1219
1219
1217
1218
1218
1222
1211
296
292
1094
718
1340
292
1319
1319
392
1168
1166
303
295
1220
1220
707
314
314
1092
625
790
568
797
1094
797
799
797
798
801
325
1183
686
1096
1223
1196
1439
1439
1445
1447
1439
1439
1408
1190
1352
1354
1342
620
618
621
619
616
293
713
1420
1225
1132
1342
1345
1344
1348
1344
585
246
325
1468
54
329
184
349
1184
972
970
972
1142
670
328
558
715
724
587
1227
1474
1477
844
842
1475
1477
1475
918
914
920
1096
1166
1096
1170
1168
298
1170
278
1166
1184
570
564
1164
422
1184
1464
1463
1466
1462
667
707
713
708
712
714
711
343
1172
1419
1418
408
1319
532
537
630
530
537
550
544
535
548
535
487
740
483
740
741
745
741
469
1336
1336
1336
1338
1140
1422
1337
1338
1413
1090
1088
1090
1090
1090
107
118
126
120
116
123
119
150
151
150
139
146
1292
1293
1292
1293
662
664
1115
1115
1115
15
1219
1222
1211
1219
634
1221
1467
198
1355
1355
508
1352
1350
1354
1355
199
194
1112
1206
1198
1198
1202
1200
1198
1198
1200
1205
1216
1200
1202
1200
1205
1208
1209
1208
1208
1208
1208
1407
1223
1223
1221
1206
1216
1207
1215
1455
1455
1455
1452
1378
1380
1452
1215
1205
1209
1209
1215
1215
1215
1207
1202
1198
1202
1202
1455
1453
1455
1455
1206
1206
1210
1215
1214
1210
1210
1210
1198
1221
1142
1404
1398
1396
1396
258
1400
1394
288
849
1134
173
592
1409
653
934
1288
735
661
534
501
727
371
405
1456
1105
981
1359
249
1225
683
677
615
1438
594
1132
895
498
1457
24
1230
1411
1409
1135
227
680
161
1082
380
755
907
317
592
1127
25
376
1231
739
683
283
1229
1457
1469
615
211
47
1331
71
1405
1263
1411
1409
258
55
1294
1419
203
1411
829
241
594
199
1457
1177
805
659
1471
1224
1471
1117
995
960
217
1203
1417
1225
1196
1196
1418
1467
1417
368
1298
527
531
1321
1417
451
128
1361
1357
447
1457
480
515
433
444
673
673
675
1228
1227
1228
1227
1319
1147
1150
1144
1152
1151
1144
1152
1144
1152
1142
1470
1160
131
148
167
150
1158
917
1172
773
774
773
756
755
1181
1177
1172
1451
1451
1286
1284
1132
1190
1226
603
624
1339
1348
1346
1346
1340
36
56
30
24
36
24
32
94
1471
52
74
97
140
1299
1299
140
1315
1304
1297
256
256
805
1302
607
603
603
608
605
14
851
1412
18
21
276
1413
1410
1411
1122
1354
282
1369
1370
200
759
754
124
126
1249
1067
325
1470
750
638
1363
1360
1428
16
1006
1016
1138
868
436
489
429
485
449
460
280
1030
541
1436
1437
1124
12
822
280
1128
1430
525
254
259
1293
1295
1293
110
876
772
116
107
109
125
112
112
1243
1249
1239
1090
1090
1019
1146
1144
1148
1146
1305
1304
170
756
1416
1128
394
921
956
922
380
394
385
383
1021
326
328
328
63
35
1382
902
882
876
865
367
885
366
866
216
852
858
853
1239
1160
1160
1226
106
904
879
867
867
886
368
909
894
896
992
326
123
783
1122
445
1231
1230
255
1263
728
124
1358
1363
1360
1361
523
452
430
762
103
1229
1037
1331
1334
1329
1332
1329
1328
1330
1329
1334
1330
1330
1328
1183
1134
623
588
1422
718
723
720
620
1350
74
67
8
83
228
226
232
235
226
1428
1435
1430
1428
1430
1435
1426
1432
1438
1438
1429
1436
1432
1435
1154
1257
1432
1253
1436
92
434
520
495
97
1437
1437
1229
1127
1306
158
173
1303
1297
1317
1313
1295
1297
1407
1415
757
1303
1299
1307
1307
1303
156
135
232
226
1228
1228
409
412
974
972
1088
1291
1291
1290
1291
1291
1084
977
1264
1348
288
419
1416
1416
426
428
424
413
406
406
784
2
585
581
181
583
587
185
583
875
87
1184
1185
1188
310
302
1245
1432
595
603
612
605
603
604
596
602
605
608
607
190
604
1245
1239
1430
1434
1427
1426
1438
1434
1424
1408
1407
1406
1214
1414
1414
379
1383
1159
1109
1065
1057
989
1007
198
1261
1250
1263
1237
1319
814
266
653
1392
1398
814
963
959
828
826
812
958
811
270
958
968
958
654
961
957
966
175
157
176
138
1469
1422
1155
1407
1214
1128
1240
709
1319
1226
1319
1319
1320
1184
1250
1255
1243
1249
1257
1234
1239
1235
1231
1230
1231
1235
1237
1261
1261
1229
1122
1230
1263
1241
1247
1252
1231
1246
1196
1191
1439
1265
1265
1350
1196
1207
1267
1267
1114
1115
1324
512
129
127
1138
280
1330
1334
1436
1432
228
1434
1426
1247
1434
1424
1237
1434
1436
1135
1253
1429
1346
1344
2
4
1130
154
1396
189
1221
1220
1221
1187
1186
1187
1186
1186
1187
1186
1186
1188
1187
299
312
300
1188
1187
1188
523
772
122
59
373
371
922
579
565
102
932
866
878
877
749
1012
869
1432
728
868
877
868
120
730
1131
1436
996
1110
208
592
502
771
768
500
773
1319
1168
1226
1225
1460
431
578
1142
1101
1102
1102
393
381
937
1385
106
1257
469
431
439
744
515
489
485
487
485
105
100
445
454
459
770
762
1242
1254
1247
479
453
448
453
510
516
109
772
111
768
304
1407
679
690
696
698
695
695
704
679
672
699
675
684
671
694
676
681
1468
1000
1451
624
624
617
1080
304
1189
1186
1187
1187
1186
194
1448
506
1325
1423
1426
505
464
767
1263
1431
145
145
139
177
1334
1330
1332
1328
1328
1332
1333
591
1287
746
1140
1323
1323
1323
1321
1322
526
1142
736
736
810
726
1162
1164
1162
1162
1028
785
796
802
802
1045
1037
1037
786
787
800
806
791
793
1039
796
1285
1287
787
1047
786
330
808
1374
566
568
561
1421
1421
1417
1010
1064
1054
1066
1008
641
992
1112
992
1108
1108
854
1261
1247
260
637
518
1356
1363
1358
1358
645
1103
1177
1170
18
16
1120
289
1404
1405
364
1463
1467
336
356
358
646
632
629
1362
1361
639
643
1325
223
598
596
127
899
892
1069
994
205
508
455
1242
1238
1453
1453
1201
1204
1199
1453
1453
1408
1453
1201
1376
1378
1210
1375
1382
1375
1381
1382
1377
1374
1372
1207
1215
1207
1203
1204
1420
1420
1420
265
195
264
260
261
1055
199
1214
1214
1062
1051
1062
1062
1076
479
319
873
1059
1358
1360
632
634
644
531
1002
1469
1073
1368
1370
835
536
485
725
727
904
907
1410
1412
1409
1408
1108
1015
1012
192
900
200
900
906
869
887
186
784
1184
1426
1233
169
179
167
132
176
168
174
179
388
384
925
244
250
246
253
42
44
59
64
4
40
38
41
242
251
252
251
243
239
239
241
1325
1377
1380
1209
567
560
559
562
1296
1317
1296
1317
1300
1313
1317
1317
118
1350
1444
1444
1444
1445
1443
1449
1443
1449
1449
1443
1451
1446
1439
1191
1355
1443
1443
1449
1352
1267
1267
1127
1133
1133
1139
621
60
73
1179
1172
162
154
160
158
156
151
160
162
166
916
956
955
943
935
1077
1054
470
443
441
491
1072
1058
1070
1064
1076
111
1237
1255
217
986
1132
1133
1138
1158
725
836
836
822
183
183
753
1350
1094
322
1084
1319
1051
1178
1466
714
108
105
101
334
339
1309
1313
1313
1315
1301
885
1007
317
1355
1224
1132
1189
1184
1189
1189
1190
299
303
1106
159
159
637
646
1356
1336
1363
646
554
535
541
582
1127
1108
1357
548
549
639
650
634
1336
1336
464
434
1122
482
474
435
445
508
443
1321
1325
1366
644
509
633
455
508
431
26
1126
1126
1170
1178
1228
1227
1226
100
99
952
1226
1038
1045
1035
1033
1047
1368
257
1130
610
1340
1348
37
88
36
37
60
39
39
70
43
737
620
41
1350
1340
1345
1344
1350
1342
94
82
93
83
82
94
11
97
85
28
93
59
65
90
65
1346
85
1397
999
1108
995
207
995
989
263
1018
1020
1108
396
394
398
374
395
398
942
924
951
928
948
910
924
1388
921
937
926
934
1328
902
367
889
1269
854
856
440
1104
873
1111
1108
1003
625
550
471
493
739
999
1270
444
524
1062
1104
1275
1274
1269
1267
980
982
981
1067
277
1105
650
1274
878
1247
900
1282
980
1357
520
1411
1185
1185
1185
1185
1185
1185
1415
691
678
761
678
699
694
674
690
697
1158
1168
1180
1100
1164
1172
1178
786
1287
787
1124
1417
1416
414
422
428
424
410
409
387
404
588
1101
1168
1166
1223
227
227
354
845
1156
1154
1154
433
1122
500
518
457
467
432
450
516
501
1420
1420
1418
1482
1419
1418
1473
1480
1481
1477
1475
1477
839
843
46
6
854
1424
1431
1259
1241
48
485
518
1138
1134
1130
1130
860
1435
1434
1438
1432
1431
1247
1249
1235
1245
1253
1234
1231
537
1362
645
1357
635
443
1457
1457
485
619
779
1134
359
863
1182
863
1182
1183
216
1404
1405
284
289
180
1116
820
823
815
732
818
1079
1172
1176
1214
1469
1156
1156
1456
1096
559
1350
1320
798
1131
663
828
1115
658
661
827
1162
1029
956
378
373
918
920
953
941
1386
143
1077
1055
1207
1135
1144
1144
1145
1153
1148
1149
1151
1149
1144
1149
220
219
506
549
746
737
743
1128
1131
847
558
670
668
669
1291
666
975
975
1142
1288
846
846
848
846
848
846
1176
1166
1179
1167
1180
1130
339
350
1473
1473
1477
355
1466
1462
345
349
357
363
351
354
335
356
360
336
365
1320
1411
1411
1412
1413
1168
1228
50
495
640
1247
580
1180
393
372
372
920
926
935
910
934
388
382
1390
1286
1220
1218
1356
1218
1219
1219
1218
1217
1218
1222
1222
1222
1219
1217
296
296
1225
1094
563
562
1126
1126
1319
1096
1416
1189
1188
1227
699
1220
1220
315
1354
807
184
1318
809
579
1166
1168
1102
791
789
809
1350
692
1473
690
692
704
1439
1217
1190
1222
1211
1350
1222
1222
1449
1449
1447
1447
1447
1443
1408
1207
1267
1196
1193
1190
1190
1354
1354
1422
1092
1092
1422
623
616
333
359
711
1419
1225
1226
1338
1348
1340
1342
1340
585
587
804
358
1265
74
53
6
1092
691
716
720
1160
1160
1086
839
844
844
841
842
1477
8
392
916
916
918
920
1390
1392
1164
1094
560
1465
1481
1184
913
570
1020
1177
838
420
694
1227
1461
669
246
667
831
712
713
710
713
710
708
709
707
314
334
1100
1176
1096
1094
1172
1094
1420
1124
1122
535
532
540
533
529
547
528
535
539
556
545
452
478
483
431
744
738
472
461
743
1208
1088
1090
1090
124
124
116
118
176
1293
1459
1293
1293
657
1118
827
657
654
1115
960
1115
734
15
614
1211
1218
1219
1219
651
502
1068
1190
1214
1190
1211
1355
1355
1269
1417
1353
1354
1352
1003
1017
1438
1202
1198
1201
1205
1204
1200
1217
1200
1207
1200
1205
1208
1208
1208
1414
1214
1211
1414
1217
1207
1206
1204
1216
1202
1205
1206
1376
1380
1372
1377
1376
1454
1453
1452
1455
1455
1453
1455
1453
1374
1378
1200
1204
1202
1216
1206
1206
1217
1206
1198
1201
1216
1202
1203
1202
1200
1206
1455
1204
1216
1204
1454
1203
1405
258
834
1128
1421
1405
671
1223
1179
1224
1467
1179
1141
536
99
1126
277
1329
790
1296
215
1438
739
1367
538
369
1229
51
1409
1179
378
407
1179
1230
1229
1346
63
29
1109
369
1231
371
363
1333
1287
521
28
1105
1459
262
973
534
745
23
1178
1438
655
535
259
1433
509
150
482
1359
1256
741
506
1080
1233
1409
1295
33
213
1248
275
816
519
959
1100
345
259
1333
1472
1179
1329
1427
163
1223
1101
1351
1417
1266
1103
1104
889
1315
1371
548
1127
224
1357
1360
1362
510
435
466
462
506
448
461
443
453
673
1414
1406
1407
1152
1146
1146
1144
1147
1144
1146
1146
1148
1152
1147
1448
1447
1449
1193
1196
151
1158
153
21
915
1170
1166
1180
1180
599
603
605
774
781
779
775
775
782
784
1107
758
756
758
760
757
1469
757
757
754
15
1177
1451
1170
1168
1286
652
1342
1344
1343
1344
31
60
35
584
32
37
75
81
257
1297
788
807
1275
600
598
277
459
442
492
473
450
1156
1122
600
1413
1412
1015
1127
1112
1410
1001
1124
1010
858
1014
202
291
126
288
317
872
1014
1323
1321
545
1225
17
1133
1135
366
1079
1028
474
515
518
441
483
441
462
443
433
456
431
996
742
746
13
1053
271
232
279
281
1368
1127
1432
1434
537
1032
824
822
1405
114
763
767
107
121
768
783
1255
1259
223
222
1245
1237
730
731
1241
1053
1152
1145
1150
1149
1145
137
158
1307
1302
177
1304
1459
1455
1127
922
938
942
373
926
923
910
373
374
375
395
377
402
383
403
1122
328
986
1005
1018
329
88
876
884
875
204
884
1110
366
900
208
219
1415
1257
1259
1259
1243
1431
1160
1418
1160
101
877
898
1104
867
1109
903
879
881
869
872
1003
603
190
189
1319
227
1424
454
456
510
1122
1256
1231
1259
1261
1259
1259
730
1361
636
1358
638
1360
520
508
457
455
433
471
519
764
1329
1332
1330
1334
1329
1329
1331
1451
1330
1329
1334
1332
1334
1331
582
588
721
723
78
1346
50
76
38
56
1471
1341
232
225
228
224
862
1426
1436
1233
1437
1255
1424
1430
1433
1432
854
1431
1257
1424
1235
1430
61
82
1434
854
1435
1433
1249
1065
265
1418
162
170
1306
178
1299
1295
1313
1299
1297
1297
1299
1297
759
1220
146
1305
1299
170
1303
1228
941
957
414
1456
416
406
415
406
423
1456
1457
1086
1291
979
978
974
1264
1291
1265
1265
1348
584
415
424
413
426
412
241
2
1340
583
581
981
1184
1184
1189
304
254
1245
860
1436
218
603
601
604
605
194
204
215
602
605
1239
1243
1435
1283
1211
1408
379
952
931
375
141
291
1104
1110
1105
1020
996
1233
1078
829
1026
652
1396
274
1392
1398
272
1370
814
964
813
823
817
816
813
812
828
810
1029
811
966
658
968
963
656
1079
1025
132
152
253
1414
1408
1414
1211
1226
1239
1255
1255
1249
1230
1263
1239
1237
1259
1248
1235
1231
1239
1239
1429
852
1434
1237
1235
1433
1448
1267
1266
1196
1352
1352
1191
1448
1113
1113
1113
1114
540
550
535
631
536
503
103
105
127
125
103
125
1415
1107
276
1328
1334
1382
850
1430
253
1230
1424
1138
1132
1429
1241
168
1394
1422
1422
1189
1187
312
1189
1187
1190
1188
1189
1188
1186
1186
1187
1186
297
300
1245
1321
116
1263
63
565
574
940
562
1108
1301
886
883
1436
1428
1433
901
1156
1469
728
1426
1166
1164
1029
1055
208
478
1168
1407
219
1145
1144
1145
1150
291
288
401
925
914
384
916
113
126
113
108
1245
1252
466
522
464
445
440
445
456
445
503
1426
114
454
104
100
765
1263
1247
1237
1231
1257
1438
856
446
459
1437
765
769
303
678
700
685
672
674
688
686
687
685
676
682
1133
1134
1341
617
622
622
617
293
294
1188
1188
1188
1186
1187
1186
298
200
463
471
1413
1070
1249
467
496
517
491
502
524
509
102
1001
1235
1171
578
921
1097
1334
1332
1328
1334
1335
593
593
748
748
1225
1267
1287
1284
1140
1140
1160
1323
537
738
740
738
1140
1142
849
1368
1162
1163
1162
1162
1162
1024
1284
1045
1285
330
798
792
800
804
803
808
788
1038
1045
1036
1045
804
1287
1276
701
1380
1190
580
1100
569
563
578
1100
1097
1371
1225
1225
1418
1417
1352
1351
1467
1467
1104
320
1076
997
1068
483
1110
999
1050
1070
1410
316
319
1104
318
1412
214
1470
990
862
1253
774
780
1358
1363
635
626
764
1080
1189
1335
1172
722
1178
1180
17
1404
1404
290
336
334
353
546
1358
1357
1358
630
626
639
637
1357
629
1323
537
539
1321
553
537
529
1323
1321
1122
1124
1259
223
224
1254
899
1075
1109
629
1321
743
1261
1243
1249
1215
1217
1207
1217
1204
1453
1215
1216
1204
1375
1372
1372
1204
1217
1199
1203
1203
1420
1420
263
201
721
1414
1415
1057
1053
1075
898
894
897
480
504
1071
1076
1016
1002
882
539
1470
1055
1107
1066
1321
1027
435
1142
727
1471
892
888
1052
213
1408
1409
1413
1411
1411
1413
1108
889
874
907
880
1014
1019
874
1104
1111
1000
1103
1184
853
1437
1235
1237
1253
135
156
153
136
149
130
138
169
149
1160
370
396
384
396
917
73
242
245
619
243
250
251
240
240
236
240
83
43
34
22
23
239
250
241
236
586
243
70
68
73
84
1143
1325
1162
1380
1209
1209
576
569
567
576
1295
1317
1300
1300
567
108
110
1444
1443
1447
1450
1445
1443
1445
1449
1442
1439
1450
1446
1350
1354
1352
1352
1444
1445
1443
1448
1450
1446
300
1411
1413
1134
1138
1133
1135
1133
1342
1124
1124
1172
601
605
601
1120
129
925
918
916
957
937
1071
1055
316
318
491
456
441
983
1064
1067
1053
1058
1058
1243
218
873
994
983
994
207
986
769
1110
1134
1133
1158
510
836
836
828
274
272
274
818
826
811
273
268
183
185
618
1445
642
976
1092
16
557
752
447
1354
566
567
838
1115
764
332
1228
1313
1317
1315
178
1280
905
1104
878
865
1355
1372
962
1132
1185
1189
306
302
307
148
163
532
1362
1324
1360
1366
525
642
539
1321
586
1130
197
647
1367
1336
1361
510
468
483
1323
1323
1359
646
443
468
467
431
616
625
34
49
27
1100
979
1140
1126
1126
1180
1176
1096
1182
102
1224
940
1180
1177
715
1287
1046
1040
1038
1047
1039
1045
1039
1045
1045
1045
1368
257
545
1130
1130
1128
607
1344
1342
1344
26
31
62
1350
1340
1342
618
1338
1338
1341
1342
1340
1350
1346
1346
1348
1340
1342
1338
28
84
86
26
94
76
82
40
75
10
90
77
28
92
34
92
86
84
84
23
85
742
729
729
1106
1106
1110
1106
206
204
206
1014
1012
1018
990
880
1108
383
385
404
379
375
376
925
937
379
921
955
951
935
912
932
1386
941
955
948
1332
1111
883
759
1269
1267
442
444
887
759
760
1004
1269
1269
980
1269
1282
1278
1268
1282
1272
1106
1280
1110
1004
266
993
1112
1269
1268
764
1426
1110
14
1241
1241
888
873
904
1268
1269
982
1276
1267
1106
906
1109
446
1362
1184
689
682
702
692
692
696
684
680
680
705
682
702
761
1158
1180
1103
1178
1102
1170
790
786
792
599
411
1417
423
420
416
424
1416
383
931
395
950
1172
1102
1103
1178
1176
1223
1223
1223
1178
1103
1469
1155
1155
1154
1156
508
516
489
483
1418
1420
1420
1480
1469
1477
1475
1477
840
839
1473
841
1456
854
1436
1236
1245
482
1135
1130
1138
851
860
1428
1438
1430
1436
1261
1239
13
643
1361
465
463
1360
640
1358
638
535
537
1458
470
487
445
1458
1458
1458
10
1134
348
1461
1466
1466
333
351
864
1182
862
1182
1182
1182
864
1287
216
1406
1404
1400
258
287
289
180
1406
1406
1406
284
1295
734
816
1295
1293
1293
734
1115
1348
1178
1100
1094
1096
1102
1220
1156
728
1189
1352
1456
805
732
817
965
659
1295
270
1293
1115
657
658
959
654
1369
1026
1030
1026
1021
949
927
911
954
1383
1390
938
922
63
1135
1142
1151
1151
1144
1151
1151
1153
1142
220
220
727
221
544
736
970
978
972
976
970
847
669
1092
671
670
1178
1176
1096
1481
1481
831
831
1475
1462
1474
1475
1475
1481
1481
1473
1474
1473
1481
1475
1480
1475
1478
1463
1466
1465
1465
355
357
351
355
349
335
350
352
342
347
336
1412
1411
1410
1413
1410
1412
1412
1170
97
471
499
1321
640
398
397
390
936
934
919
949
380
388
403
370
1386
1388
666
1128
1128
327
1356
1218
1356
1211
1218
1218
1211
1356
1356
1356
1218
1218
1222
1217
1217
1219
294
295
838
1092
974
1048
1048
565
722
1188
1416
1416
1189
1172
1227
301
1227
709
1220
315
315
1352
66
789
792
801
1481
356
341
354
352
1481
864
1095
583
674
697
688
1219
1196
1355
1222
1449
1439
1446
1196
1193
1190
1092
623
616
294
293
6
6
70
41
329
1226
1225
1344
1340
1340
1346
1343
591
330
1469
1164
799
295
182
354
352
356
582
1125
1416
848
1455
416
716
716
587
1086
1418
720
1474
1468
1468
839
842
1477
1481
708
390
384
1392
1094
1094
1094
1178
575
1096
1178
1166
1481
298
560
570
570
564
1416
1168
1177
327
1466
669
667
1184
710
710
714
316
1416
337
1481
719
1420
422
422
543
549
629
555
553
554
531
530
529
547
554
543
555
556
535
528
526
525
529
747
477
441
442
1336
1338
1338
1336
1422
1337
1338
1123
1090
1090
1088
1090
120
123
120
141
158
138
132
664
962
1115
1118
1295
655
1080
17
1211
1222
1223
282
455
276
321
1190
1418
1210
1355
1356
1355
1355
1318
464
643
1355
263
187
266
263
997
1433
87
1200
1203
1205
1216
1206
1200
1205
1198
1202
1200
1198
1204
1198
1216
1198
1210
1208
1406
1408
1407
1414
1208
1205
1201
1203
1202
1207
1378
1374
1455
1452
1455
1452
1452
1217
1376
1374
1452
1455
1205
1200
1205
1202
1221
1216
1206
1198
1454
1206
1216
1221
1221
1210
1208
1208
1208
1209
1210
1210
1204
1200
1202
259
1398
1394
1429
1132
944
239
965
1405
1179
1413
131
1283
1431
653
266
359
1438
55
1003
377
1472
1132
1409
711
1141
131
1160
9
591
505
896
902
896
181
498
201
511
1298
1350
478
281
1459
1405
1433
651
1231
1438
1409
837
1411
745
580
1413
1229
500
897
991
1431
24
344
756
253
167
1359
1431
502
1471
1322
1162
1409
975
1476
213
953
1476
1476
965
369
1359
1409
1027
243
789
659
249
1294
353
1055
352
215
1115
64
1354
1224
1203
1353
1191
1292
1228
1112
1297
1370
1370
545
526
1323
1130
230
1417
1417
449
463
473
432
487
449
769
677
680
675
1228
1227
1227
1228
1228
1414
1408
1406
1406
1407
1148
1143
1147
1144
1147
1153
1148
1150
1143
1471
1147
1470
1223
137
142
140
142
146
157
1158
1283
1019
14
687
704
693
1167
945
1172
1179
781
783
776
1109
760
758
760
1107
1001
754
1138
1190
652
622
67
25
4
78
33
1341
256
256
611
598
605
465
1156
1124
1122
605
12
1412
21
21
996
1412
1413
1410
729
994
603
282
892
999
1404
1235
1073
451
284
1078
322
1010
626
636
630
641
1357
1361
1363
1358
1363
1224
517
1134
1325
1471
890
1031
1028
434
458
487
440
279
1004
1106
1325
1124
1122
784
1012
234
1127
960
1430
1434
255
128
660
883
888
108
106
762
767
114
112
1243
1242
1243
1434
962
1243
1150
1150
1152
1145
1146
1306
1220
1144
1153
913
403
385
1096
1096
326
1015
1224
73
61
884
1111
886
1108
884
986
319
1415
1437
255
1435
1261
1160
1160
1228
1227
1160
1226
879
1106
1225
1224
990
991
207
906
887
877
1112
1015
1006
206
599
202
430
439
454
477
466
1124
481
1234
1231
1253
1245
1247
1253
1247
633
642
1335
1336
1362
1356
641
1362
1362
1357
1358
462
522
462
765
101
1328
1332
1330
1328
1332
1328
1328
1334
1329
1333
1332
1330
1139
1133
1121
581
1348
1348
32
45
52
92
7
235
234
234
225
225
1430
1255
1261
1435
1428
1424
1424
1430
1437
1245
1428
1430
1231
1243
1432
1426
1255
1263
1245
1428
1433
1430
81
1067
444
1239
1237
265
1130
1130
1299
187
1317
1299
1315
1317
1317
1298
1305
1297
179
142
1457
414
410
413
408
408
1291
1291
979
1265
1084
1086
1265
1265
1416
408
407
411
414
1348
2
585
184
275
982
1185
310
1255
1247
1434
1247
1259
212
604
605
603
597
599
605
610
605
597
199
608
603
1261
1436
1437
1241
1243
1414
1406
1414
1214
1414
929
943
1383
187
1106
1053
178
204
1426
1424
1131
968
970
1033
1031
1025
1031
663
268
267
826
813
811
812
824
820
824
659
658
660
1115
961
963
960
962
824
830
270
1084
174
152
179
612
606
603
1156
1407
1407
1408
1408
1211
1415
1214
1369
1238
1320
1319
1230
1263
1259
1237
1247
1255
1239
1236
1249
1257
1235
1243
1257
1233
1230
1263
1253
1229
1257
1263
1231
1415
851
1435
1253
1247
1229
1229
1236
1223
1265
1266
1444
1443
1196
1353
1450
1113
1115
1359
1322
1130
1134
1415
901
1106
907
275
276
281
1328
1276
1334
1330
1325
854
1239
1259
1255
1134
1127
1127
1433
1431
1264
1435
1348
154
1394
1221
1221
1221
1187
310
300
1189
1188
1188
507
111
1124
61
99
942
911
1388
576
560
568
918
918
569
228
878
1110
872
1007
860
1438
1431
1257
730
880
1158
1156
1111
993
1110
998
214
218
211
510
781
448
1164
449
485
289
283
290
282
287
1102
1102
916
392
372
374
1230
483
466
439
441
487
431
516
443
468
105
1436
1424
128
122
452
104
763
765
763
1229
1245
1241
1245
1428
468
122
771
111
367
302
308
306
302
1415
700
681
695
707
674
702
673
693
686
686
688
688
683
1135
1346
11
615
1187
1189
1188
1186
297
308
299
311
196
200
190
198
1410
1413
1412
1063
1112
473
503
511
491
491
110
212
149
137
919
938
932
576
1334
1334
1332
1330
14
1224
262
1140
528
1325
537
547
1140
738
746
98
810
849
1140
726
1142
1162
1030
837
790
799
806
1041
788
1278
788
807
808
796
808
798
1035
1045
331
802
804
785
1264
1376
1190
1190
559
1422
1422
1422
1371
1372
1372
1417
1354
1352
1467
1050
875
1056
1056
1052
320
1068
1104
1357
634
489
988
1004
1000
1110
1049
1054
1008
1074
1350
1352
320
1112
1104
1110
299
854
1249
780
781
780
477
1358
479
467
433
771
1456
1102
1102
1176
1178
1166
1180
18
602
1405
1406
1406
1404
346
1466
1466
1466
340
340
364
1361
632
635
1363
1363
632
630
1321
528
1335
1361
1361
1362
1362
637
1325
167
222
222
12
224
850
436
1324
470
474
1248
1253
1453
1453
1205
1207
483
1209
1203
1379
1379
1380
1381
1381
1380
1205
1215
1204
1203
1420
264
261
260
261
261
264
203
718
1471
1471
1468
1059
1057
888
365
1070
891
748
750
1358
1112
1106
195
1140
1469
1471
1050
1142
834
1321
1323
1323
434
507
203
894
889
1410
1410
1410
1410
1410
1106
1409
991
899
192
1112
990
890
906
874
368
1112
1111
1104
1184
1184
854
852
850
1230
155
142
147
130
144
136
139
145
132
149
386
382
920
245
240
244
236
244
236
250
245
244
249
238
252
35
32
49
252
586
68
245
1135
1378
1379
1381
1379
1209
1317
1296
1317
1302
1317
1301
102
113
101
770
1448
1448
1445
1445
1447
1449
1447
1445
1443
1445
1450
1450
1447
1352
1265
1439
1439
1450
1445
1450
1443
1446
1442
1447
1410
1229
1139
1128
1134
42
69
1178
1094
608
160
1459
762
914
924
935
913
1390
1386
928
1050
1074
497
492
524
477
1325
1064
1075
1053
1056
1075
1230
1229
1112
1077
1065
1133
1133
1135
1138
1138
504
1158
1158
1160
1428
835
837
958
268
1418
1417
1415
1415
592
182
183
181
185
186
752
705
1092
494
1225
1224
1183
715
834
495
918
1166
1170
1031
1168
793
1126
418
714
1245
1313
1315
1298
1307
1315
1317
1108
319
367
331
1185
297
297
1185
202
155
161
161
1359
1366
1336
527
1360
1324
542
584
1357
631
642
631
527
1459
1362
1336
644
461
493
493
441
463
443
504
430
1361
631
1359
517
1359
625
27
1125
1126
1126
1124
1126
1126
1176
1170
976
1265
1182
1227
128
1095
1170
1102
1176
1164
1034
1034
1037
791
1036
1048
1035
1039
1040
1045
254
225
527
1370
603
613
1342
1343
70
29
65
36
72
86
44
1344
1128
619
1340
1346
1342
1342
1344
80
9
85
29
56
50
49
71
78
69
55
62
22
78
25
45
77
93
1344
1105
1112
988
1001
196
208
1016
987
188
879
401
375
397
374
372
919
949
936
939
932
948
953
933
886
459
854
1269
1269
369
510
457
881
1109
1110
652
1277
1275
997
469
1005
983
1269
1278
1269
1272
980
887
1057
1020
1437
998
1277
1268
1272
1111
1112
1260
1248
1432
1107
1433
1274
982
1112
1185
1185
1184
1185
1415
706
676
687
761
697
678
706
1158
1158
1158
1158
721
1178
1168
1176
1166
803
806
1278
1041
801
793
787
1287
1122
1416
1416
405
426
418
405
417
412
412
418
418
410
410
951
942
929
1101
1102
1180
1102
1170
1164
1223
1102
1466
1467
365
1473
725
1155
493
478
495
451
460
446
502
1459
1418
1420
1482
363
844
1477
1473
841
845
856
1249
1431
1263
1247
596
606
492
1135
1132
1437
1430
1435
1257
855
1435
1255
1259
1235
1257
1255
13
1245
1243
1255
636
502
472
497
1360
1363
1363
1356
492
482
445
1459
1459
1459
1459
1459
433
1459
71
77
52
45
88
30
346
1461
1466
1466
1464
342
333
339
1182
1182
1404
1405
290
1405
1404
180
1404
1406
290
822
732
1293
1295
1295
1104
1294
1469
1469
1156
1156
254
731
1100
809
803
964
664
663
1116
1116
1295
820
662
957
964
656
655
1369
1026
915
933
940
916
944
929
67
1219
1218
531
831
